100
1 65 3.25
65 1 1.38
1 81 -10.70
81 1 22.54
1 42 7.01
1 76 11.67
76 1 28.38
1 77 4.50
1 17 24.88
1 89 14.05
1 84 17.33
1 21 19.48
21 1 17.43
1 23 2.67
1 57 10.75
1 59 21.07
1 94 19.22
2 49 2.37
2 66 10.40
2 4 11.79
2 5 17.41
5 2 17.31
2 55 20.11
2 8 4.51
2 81 7.87
2 14 -6.72
2 31 13.47
2 100 22.24
3 37 14.54
3 13 17.98
3 14 14.97
14 3 9.31
3 30 22.57
3 81 19.96
3 84 12.22
3 53 -1.84
3 59 1.29
3 92 -1.73
3 27 10.56
27 3 3.03
3 31 0.65
3 64 14.70
4 36 3.57
4 39 17.61
4 7 14.28
7 4 9.24
4 75 8.21
4 71 0.13
4 47 5.04
47 4 15.48
4 81 26.60
4 92 -6.85
4 24 8.45
4 60 13.10
4 61 10.43
4 43 17.66
5 35 0.28
35 5 11.88
5 88 15.96
5 23 -9.05
23 5 14.14
5 24 -6.13
5 9 4.58
9 5 11.42
5 27 9.57
5 76 6.25
5 67 -10.79
5 79 13.50
5 16 20.80
6 41 17.81
41 6 24.59
6 52 2.99
52 6 11.21
6 55 19.08
6 23 5.13
6 80 19.60
80 6 8.33
7 84 1.20
7 79 18.50
7 24 7.34
24 7 1.82
7 25 17.46
7 42 8.56
42 7 12.19
7 15 4.31
8 17 7.73
8 67 19.77
8 37 2.97
8 24 7.20
24 8 27.24
8 75 9.19
8 80 20.72
80 8 11.88
8 30 14.97
30 8 5.05
8 16 18.72
9 49 0.66
9 65 16.45
9 36 18.64
9 86 3.98
9 71 22.09
9 66 8.30
9 89 9.27
9 26 15.34
9 96 6.47
9 82 -0.54
82 9 14.00
10 69 18.12
10 83 9.34
10 12 9.81
10 37 17.04
37 10 13.26
10 92 15.59
10 21 -1.34
21 10 7.93
10 28 17.84
10 79 14.46
10 80 -7.05
11 33 7.21
33 11 5.96
11 50 13.96
11 51 16.63
11 100 0.90
100 11 4.56
11 85 26.62
11 55 8.08
55 11 17.64
11 75 9.13
11 12 20.78
11 45 19.78
11 96 8.66
96 11 14.41
12 85 19.51
12 97 -16.05
12 83 8.40
83 12 17.81
12 37 12.97
12 39 9.72
12 57 14.14
12 60 19.87
60 12 17.20
12 27 22.11
13 91 3.72
13 53 9.58
53 13 13.42
13 70 16.61
13 24 -2.56
13 41 11.88
13 59 7.13
13 56 10.58
56 13 7.70
13 46 15.06
13 30 11.05
14 39 4.85
14 75 8.21
14 44 5.55
14 77 5.12
14 15 13.16
14 84 14.00
14 22 14.47
22 14 0.50
14 88 18.37
14 58 -4.76
58 14 20.20
14 92 -1.19
14 31 30.41
14 96 11.19
15 33 -2.33
15 68 15.68
68 15 15.17
15 55 16.24
15 72 3.77
15 41 22.60
15 42 19.27
15 44 16.41
44 15 4.06
16 34 11.12
16 38 -5.33
16 41 20.75
16 47 25.53
16 81 5.30
16 82 17.44
16 51 16.91
16 87 3.73
16 56 20.89
16 31 -2.92
17 34 6.91
17 22 30.57
17 82 15.68
17 41 13.34
41 17 14.52
17 94 -1.41
18 99 0.04
18 38 7.47
38 18 14.08
18 71 7.75
71 18 3.30
18 86 -2.65
18 96 1.85
96 18 11.62
18 28 17.34
18 93 10.49
93 18 6.82
18 46 6.65
46 18 11.18
18 31 6.31
18 64 0.85
19 49 16.83
19 81 13.07
19 76 -4.79
19 22 -7.83
19 97 11.49
19 42 5.63
19 60 -0.04
19 79 -14.97
79 19 5.38
19 32 22.64
20 65 0.48
20 98 15.39
20 100 17.30
20 70 -12.37
20 43 32.97
43 20 12.85
20 77 12.79
20 48 6.60
20 83 17.00
83 20 26.04
20 26 -0.34
20 91 1.93
20 28 12.94
20 93 34.71
21 65 6.16
21 92 14.57
21 36 12.34
36 21 15.84
21 70 23.68
21 55 16.84
55 21 8.18
21 88 17.91
88 21 11.17
21 76 1.68
21 80 8.51
22 37 3.09
22 87 5.15
22 89 7.49
22 80 -1.00
23 66 20.85
23 51 12.79
51 23 23.10
23 24 -5.83
23 89 14.67
89 23 0.59
23 97 7.84
23 80 26.21
80 23 19.33
23 32 10.37
24 51 6.01
24 89 7.19
24 96 17.50
25 49 5.14
49 25 23.03
25 82 7.15
25 99 21.54
25 88 14.83
25 91 14.32
25 76 8.18
25 95 -14.48
26 97 4.55
97 26 17.38
26 41 7.40
26 85 1.59
26 87 20.08
26 39 15.52
26 58 4.62
58 26 10.78
26 44 22.05
27 65 1.13
65 27 19.78
27 89 6.24
89 27 4.05
27 68 13.38
27 87 8.15
27 57 12.50
27 61 13.16
27 46 -7.20
28 66 14.55
28 38 2.15
28 39 8.37
28 42 8.16
28 43 -4.77
28 79 -8.12
79 28 2.97
28 93 11.41
28 81 8.27
28 53 23.70
28 74 27.96
74 28 1.37
28 29 17.06
28 75 14.40
29 34 10.08
34 29 9.38
29 35 28.14
29 50 14.56
50 29 5.81
29 75 10.36
29 63 -3.51
63 29 3.31
30 76 13.07
30 35 16.80
35 30 9.17
30 47 8.37
47 30 5.51
30 80 -17.13
30 87 20.90
30 58 4.12
30 59 10.92
30 60 2.00
60 30 25.95
30 31 21.28
30 96 18.37
31 33 23.08
31 68 20.16
31 99 19.52
31 34 19.93
31 75 -4.99
31 94 12.62
31 59 14.36
31 80 20.27
31 63 22.75
32 65 9.58
65 32 1.18
32 98 -1.97
98 32 3.85
32 41 -25.20
32 74 19.93
32 44 5.98
32 94 12.66
32 63 18.82
63 32 6.07
33 81 20.68
33 97 -5.72
33 62 -6.86
62 33 12.46
33 91 11.18
33 59 22.04
33 46 12.07
46 33 16.39
34 97 1.88
34 68 1.28
34 55 20.84
34 89 10.17
89 34 9.12
34 93 1.11
34 59 28.67
59 34 5.84
34 94 23.07
35 49 23.46
35 77 21.00
35 51 0.55
35 70 15.11
35 90 24.19
35 37 1.96
37 35 28.39
35 62 14.14
35 48 4.10
36 98 3.66
36 66 8.04
36 48 9.60
36 50 35.18
36 51 21.39
36 100 20.39
100 36 10.28
36 85 7.24
36 92 -8.00
36 96 11.19
96 36 11.13
37 87 20.31
37 42 -5.72
42 37 13.15
38 69 6.04
38 86 38.52
38 82 10.34
38 85 14.20
39 97 -2.50
39 56 33.07
56 39 1.37
39 61 10.03
40 55 2.84
40 56 13.52
40 75 9.75
75 40 21.71
40 78 9.81
40 79 -6.94
40 96 7.85
41 52 9.45
41 64 -5.56
41 91 19.46
42 65 -3.33
42 73 6.35
73 42 8.37
42 80 8.07
80 42 14.75
42 85 6.65
42 86 -5.86
86 42 6.73
42 88 -8.41
42 59 11.82
42 61 22.77
43 54 21.91
43 57 26.08
43 74 13.68
43 78 16.91
78 43 5.98
44 51 21.80
44 95 21.06
44 72 2.94
44 61 12.10
61 44 0.68
45 49 27.60
49 45 7.83
45 83 15.41
45 51 14.58
51 45 21.58
45 54 11.46
54 45 9.45
46 83 19.80
83 46 17.76
46 84 10.12
84 46 5.35
46 97 19.24
46 63 9.12
46 96 11.76
47 49 9.25
49 47 10.03
47 98 18.97
98 47 3.53
47 67 18.97
67 47 9.07
47 54 -2.84
54 47 9.91
47 99 4.14
48 54 22.58
48 84 2.91
84 48 3.32
48 90 28.97
48 68 11.93
48 67 25.21
67 48 17.87
48 70 6.20
49 67 15.50
49 71 14.86
49 50 1.49
49 52 -3.36
52 49 3.28
49 56 6.62
49 89 13.11
89 49 15.30
49 94 16.09
50 65 2.06
50 54 0.74
50 55 13.09
55 50 21.98
50 66 10.29
66 50 15.63
51 77 -2.29
51 75 26.86
75 51 12.59
52 73 23.13
52 91 14.38
52 80 10.74
52 70 25.07
70 52 18.33
53 69 -0.40
53 83 3.47
53 87 1.69
53 88 16.40
53 62 27.08
53 86 8.67
54 87 -6.35
54 62 -9.31
55 83 12.71
55 92 22.68
92 55 11.39
56 58 3.07
56 60 -0.53
56 61 10.71
56 78 46.84
57 87 7.60
57 59 4.31
57 79 -0.22
58 82 8.57
58 95 11.79
58 79 8.31
59 65 14.40
65 59 15.12
59 67 19.55
59 77 -2.29
59 84 9.99
84 59 22.72
59 90 11.48
59 63 8.18
60 100 19.13
60 69 -7.81
69 60 10.76
60 86 14.57
60 73 15.03
61 100 -9.52
61 85 27.13
61 63 23.96
62 98 6.74
62 68 8.63
62 73 12.34
62 77 6.77
62 80 8.17
62 81 4.91
62 90 3.61
62 92 6.61
92 62 30.91
63 98 8.48
63 74 21.45
74 63 14.39
64 76 27.28
76 64 5.01
64 70 18.96
65 100 11.34
65 90 5.19
65 96 14.43
65 93 -0.39
66 67 9.72
66 79 15.71
79 66 20.48
67 100 27.48
67 98 13.73
68 97 5.67
68 87 16.09
68 88 14.90
68 89 -3.69
69 84 9.23
69 70 7.34
70 74 8.20
74 70 10.34
70 85 15.42
70 90 0.36
70 88 4.49
88 70 7.52
71 84 -2.17
71 93 21.86
72 82 -10.46
72 85 19.00
73 97 14.16
73 99 9.15
99 73 11.68
73 85 -16.16
73 95 8.99
74 79 18.74
76 89 16.75
77 89 13.17
77 78 17.45
78 77 6.58
78 97 7.13
78 98 -10.21
98 78 20.53
78 87 15.16
87 78 5.00
79 88 13.41
79 84 12.05
79 90 0.28
90 79 22.56
80 96 -2.39
96 80 8.76
81 96 0.47
81 94 4.77
82 92 8.18
92 82 5.28
82 88 17.40
83 99 12.53
83 90 29.61
90 83 6.10
84 96 14.41
85 87 -6.36
85 90 5.92
90 85 7.08
86 100 19.42
87 90 19.99
88 99 11.40
88 92 10.09
90 100 8.21
100 90 30.00
91 100 15.67
92 100 -10.54
93 95 23.65
94 100 10.51
94 96 5.11
96 94 9.47
96 97 7.67
97 96 6.66
96 100 9.90
