50
1 35 -9.52
1 36 9.54
36 1 0.85
1 5 15.57
1 23 1.08
1 8 22.82
8 1 12.83
1 10 6.68
1 12 10.24
12 1 10.45
1 13 12.11
13 1 17.53
2 10 -1.61
2 32 10.67
32 2 0.77
2 42 10.31
2 36 8.41
2 24 33.95
24 2 6.33
3 36 -1.16
36 3 7.31
3 37 6.89
3 22 4.27
3 41 -6.62
3 13 1.85
3 31 15.82
31 3 11.73
3 32 8.54
32 3 8.22
4 41 31.44
4 18 -5.07
18 4 24.27
4 13 -1.95
4 7 12.99
4 40 4.39
5 43 2.64
43 5 18.13
5 16 -2.28
6 25 15.20
6 28 19.40
7 25 17.82
7 23 17.93
23 7 13.04
7 48 17.91
8 41 13.22
41 8 5.18
8 19 10.14
8 39 18.89
39 8 6.95
8 9 15.71
8 13 9.38
8 35 5.41
35 8 11.45
8 31 29.10
8 32 8.88
32 8 0.63
9 50 6.92
50 9 6.38
9 12 7.99
9 21 11.70
9 23 5.90
9 44 -1.05
9 46 18.55
10 36 20.58
10 38 18.88
10 39 4.21
10 34 3.66
10 28 13.42
11 42 12.34
11 48 -5.34
11 15 3.07
11 32 1.46
12 33 18.52
12 26 16.02
12 13 4.79
12 47 4.48
12 32 2.59
13 40 2.90
13 31 15.95
13 32 23.31
14 19 -17.05
19 14 11.73
14 37 4.30
14 43 8.41
15 34 5.42
15 45 9.44
15 32 7.56
16 49 -1.73
16 26 -0.18
16 27 8.60
27 16 6.00
16 32 0.85
17 33 30.74
17 27 30.07
27 17 8.46
17 45 19.98
45 17 0.89
18 49 15.11
18 50 5.30
50 18 16.29
18 21 8.73
19 36 -13.68
36 19 13.17
19 30 0.54
30 19 21.91
19 47 22.57
20 24 2.52
20 43 1.59
43 20 19.09
20 28 7.90
20 29 17.70
20 30 -6.72
20 48 5.06
21 43 8.46
21 44 14.66
21 39 3.64
22 23 4.27
23 22 12.87
22 24 8.57
24 22 2.00
23 33 6.34
24 39 20.83
24 44 4.88
24 31 2.01
25 44 27.57
25 36 16.58
25 48 21.99
26 41 24.57
41 26 34.56
27 42 11.77
27 39 10.00
39 27 14.63
28 33 11.78
28 50 27.21
50 28 24.59
28 45 -0.04
45 28 20.61
28 48 1.35
29 33 -0.38
29 50 -8.46
30 44 14.99
32 36 24.53
32 44 -9.18
32 45 17.79
33 37 10.54
33 38 15.45
38 33 4.53
34 36 11.15
34 42 -2.45
35 41 10.14
41 35 16.07
35 43 0.54
35 37 0.28
36 41 -6.51
36 45 13.84
37 41 9.03
38 45 23.50
40 49 12.45
41 49 -3.70
41 43 34.75
41 48 12.10
42 46 8.42
43 45 -0.51
44 46 26.89
45 49 -6.94
49 45 7.26
45 48 0.38
46 50 14.15
