500
1 476 27.84
1 18 16.97
18 1 21.87
1 435 23.15
1 428 27.13
1 101 16.38
1 231 16.47
231 1 13.99
1 66 20.14
1 168 -1.83
1 427 5.79
1 40 -16.01
1 367 6.86
2 291 9.41
2 394 9.26
2 458 -5.93
2 210 26.10
2 339 2.93
2 148 10.07
2 127 11.80
2 234 0.58
2 91 29.96
2 28 12.57
2 190 24.35
2 383 13.68
3 482 13.27
3 394 5.60
3 17 4.22
3 211 13.83
3 87 15.13
3 475 26.51
3 92 3.67
3 478 -4.10
3 446 20.68
3 290 5.72
3 420 5.47
420 3 23.47
3 41 7.33
3 43 13.97
43 3 13.60
3 366 -3.12
3 176 6.38
3 190 10.79
3 373 4.08
3 313 21.93
313 3 33.01
3 442 -7.39
3 315 18.36
3 171 -10.88
3 320 5.00
4 114 15.46
114 4 10.25
4 316 15.59
316 4 0.04
4 54 28.06
4 88 12.16
4 233 8.44
4 426 3.04
4 107 3.51
4 248 13.14
4 254 27.03
254 4 4.96
4 335 13.83
335 4 0.35
4 470 10.42
5 293 9.16
293 5 4.57
5 23 10.14
5 137 10.45
137 5 21.79
5 234 -3.25
5 270 4.33
5 500 -2.72
500 5 6.57
5 243 19.68
243 5 18.10
5 372 13.44
372 5 6.12
5 53 27.75
5 247 -5.00
5 249 6.74
5 59 19.73
5 285 5.34
5 414 0.17
5 63 15.04
6 491 12.74
6 131 18.92
6 260 3.73
6 136 14.49
136 6 8.65
6 235 5.03
6 236 3.97
6 13 17.99
13 6 25.64
6 78 -0.78
6 175 -4.34
6 240 24.04
240 6 13.51
6 238 -11.02
6 213 18.64
6 408 -4.49
6 347 -10.15
6 331 15.80
6 416 5.26
7 354 1.25
7 229 14.33
7 392 11.77
7 329 13.11
7 490 11.38
7 430 8.27
7 207 -2.41
7 144 5.80
7 275 18.86
7 405 29.39
7 249 10.86
7 219 11.30
219 7 15.89
8 417 21.85
8 133 20.25
8 455 15.13
8 136 0.33
136 8 5.06
8 389 4.67
8 168 7.21
168 8 5.94
8 78 28.02
8 207 32.32
207 8 11.68
8 208 8.38
8 17 19.08
8 213 23.69
8 119 0.52
8 293 1.68
293 8 4.85
8 413 11.59
9 236 3.99
9 261 -1.26
9 103 15.10
9 296 26.38
296 9 18.10
9 341 40.11
9 139 7.45
139 9 11.42
9 264 -11.44
9 13 12.33
13 9 17.06
9 206 1.77
206 9 0.42
9 277 -7.64
9 314 19.26
314 9 4.56
9 441 26.80
9 181 3.15
9 59 2.79
10 194 11.72
10 474 15.71
10 460 16.96
10 212 7.50
212 10 5.24
10 258 11.13
10 105 0.52
10 74 17.40
74 10 12.82
10 11 2.53
11 10 9.87
10 108 26.62
10 13 5.03
10 20 22.62
10 154 -1.42
154 10 13.33
10 58 -11.07
10 380 14.90
380 10 17.94
10 365 35.21
11 353 5.49
11 290 20.72
11 388 5.11
388 11 2.58
11 325 5.72
11 450 6.51
11 170 11.99
11 107 -0.99
107 11 14.03
11 108 26.07
11 111 19.46
11 488 -3.04
488 11 7.45
11 150 14.07
11 58 -0.47
11 427 -9.29
11 383 0.57
11 362 14.22
12 482 34.12
482 12 12.77
12 484 14.71
12 456 16.53
12 492 7.65
12 45 -5.36
45 12 18.00
12 399 13.68
399 12 14.53
12 464 8.66
12 121 19.21
12 243 16.58
243 12 20.14
12 52 7.17
12 63 18.58
12 409 19.68
12 96 10.26
12 223 20.90
12 448 14.11
448 12 17.55
13 483 12.39
483 13 12.65
13 293 6.44
13 268 16.35
13 404 8.96
404 13 16.95
13 110 18.72
110 13 10.78
13 432 -0.67
13 209 23.90
209 13 22.86
13 114 6.73
114 13 6.73
13 371 19.86
13 212 16.70
13 469 19.22
13 86 -1.33
86 13 24.35
13 343 27.74
13 25 7.79
13 285 1.50
13 446 15.99
13 102 1.76
102 13 11.34
14 85 10.77
14 455 16.41
14 459 32.36
459 14 1.73
14 440 18.38
440 14 2.17
14 239 32.01
239 14 17.65
14 254 2.69
254 14 21.08
14 307 20.13
14 308 -0.24
14 181 15.17
14 399 10.56
14 215 32.74
14 56 11.03
14 373 -8.15
14 381 24.26
14 314 -7.58
14 128 21.29
15 385 2.23
15 449 -2.58
449 15 3.92
15 444 -6.05
444 15 6.47
15 101 11.81
15 106 12.76
15 460 -13.56
15 366 8.93
366 15 39.56
15 495 -5.50
495 15 13.24
15 51 8.12
15 91 -6.09
15 440 18.09
15 27 6.09
15 160 12.40
160 15 11.52
15 189 6.61
15 286 25.83
15 447 17.11
447 15 8.84
15 288 7.36
16 225 15.69
225 16 21.38
16 435 14.84
16 228 -11.70
228 16 14.38
16 358 0.29
358 16 8.43
16 327 5.41
327 16 4.51
16 362 3.66
16 106 2.65
106 16 11.10
16 315 0.19
16 300 22.21
16 476 7.85
17 452 16.77
17 141 1.46
141 17 2.03
17 331 8.42
331 17 11.45
17 397 -11.09
17 466 14.13
17 420 24.41
420 17 4.65
17 409 13.85
17 221 10.80
221 17 2.83
17 352 5.05
17 100 25.13
17 338 16.49
17 489 9.37
489 17 1.61
17 128 16.47
17 430 9.58
17 305 23.95
17 498 19.03
498 17 9.16
17 188 -9.22
17 59 -1.36
17 316 -2.15
316 17 1.26
17 448 0.40
18 474 9.92
474 18 9.24
18 473 1.14
18 365 8.44
18 395 5.66
395 18 18.31
18 429 14.73
18 110 4.49
19 449 10.47
449 19 7.99
19 130 14.94
19 300 19.64
19 462 6.57
19 210 14.31
19 58 0.02
19 219 22.20
219 19 15.25
19 242 1.10
242 19 35.01
19 428 19.01
19 191 10.20
19 128 19.70
20 386 -4.79
20 37 11.42
20 359 13.89
20 263 6.48
20 469 0.25
469 20 25.46
20 495 15.50
20 242 3.83
20 83 19.90
20 117 11.19
20 182 -4.27
20 441 9.21
20 373 7.87
20 443 18.42
20 285 12.74
285 20 24.44
20 286 25.08
286 20 0.60
20 287 2.57
21 114 11.84
21 163 -18.69
21 164 21.02
21 149 -5.06
21 358 -7.87
21 402 -11.43
21 153 24.45
21 42 8.42
21 495 8.93
495 21 17.99
21 227 21.57
21 303 11.09
303 21 9.44
22 33 -1.55
22 324 1.51
22 488 4.17
22 298 28.33
22 462 5.54
22 400 16.08
22 114 -9.72
22 420 24.29
22 282 25.41
282 22 1.82
22 411 7.59
411 22 10.72
22 144 15.38
144 22 29.06
22 443 4.29
443 22 6.07
23 129 28.05
23 387 15.17
23 132 -15.38
23 71 0.37
23 202 -4.16
23 395 16.58
23 472 25.19
23 494 -5.56
494 23 0.68
23 431 -5.14
23 62 8.44
23 405 12.62
23 150 11.84
23 120 9.02
23 469 8.10
469 23 33.61
23 126 18.59
24 389 15.92
24 355 2.09
24 261 9.48
261 24 26.52
24 295 1.70
24 137 25.71
24 106 10.69
24 75 8.09
24 172 12.09
24 368 -8.77
24 243 -7.89
24 84 26.60
24 181 -2.78
181 24 3.83
24 246 3.21
24 343 11.58
24 26 7.65
26 24 4.17
24 412 8.02
25 387 -9.58
387 25 29.74
25 260 26.46
25 488 15.75
25 157 22.68
157 25 27.85
25 271 11.13
25 145 29.56
25 211 17.17
211 25 10.91
25 310 6.42
25 87 4.66
25 32 30.21
25 221 6.00
25 384 8.49
26 225 13.48
225 26 4.89
26 426 11.85
26 452 1.03
26 422 -4.47
26 327 23.81
26 489 -3.19
26 42 12.85
42 26 22.25
26 331 5.96
26 302 -2.21
26 271 24.78
26 110 7.66
26 119 12.31
26 217 13.94
26 478 -6.45
478 26 13.97
26 316 10.61
316 26 14.35
26 491 21.00
491 26 16.36
26 286 -0.55
26 159 33.55
26 362 10.34
362 26 14.09
27 194 9.34
27 36 15.62
27 262 12.98
27 71 6.79
27 397 13.21
27 80 10.59
27 337 18.94
337 27 3.82
27 465 -16.35
27 152 7.98
27 90 15.62
90 27 3.15
27 347 13.64
27 368 2.96
27 379 18.55
27 223 11.29
223 27 9.15
27 390 11.18
28 33 16.67
28 420 1.46
420 28 16.13
28 472 18.03
28 490 -5.87
28 312 12.89
312 28 15.53
28 303 13.51
28 113 10.61
28 466 6.89
28 308 28.72
308 28 18.50
28 246 20.43
246 28 5.68
28 87 14.99
87 28 1.99
28 216 16.65
28 153 3.18
28 90 17.64
90 28 22.42
28 283 7.13
28 415 14.69
29 163 6.88
29 70 13.58
29 489 4.51
29 138 -2.15
29 307 20.68
307 29 1.27
29 272 -0.50
29 145 11.38
29 146 7.15
146 29 23.42
29 83 5.26
83 29 6.22
29 483 11.36
29 411 6.98
29 381 9.74
29 160 13.40
30 194 15.14
194 30 7.73
30 163 22.96
163 30 11.11
30 486 18.86
30 327 3.39
30 487 15.83
30 273 2.35
273 30 26.87
30 242 12.32
242 30 9.02
30 115 2.92
115 30 10.10
30 372 -1.11
30 117 32.78
30 469 8.04
30 379 24.12
30 412 23.24
412 30 0.91
30 413 41.05
30 160 20.91
31 98 20.12
31 131 19.69
31 484 16.81
31 423 -1.12
423 31 14.06
31 39 -1.42
31 263 -4.49
31 392 9.22
31 235 2.11
235 31 3.03
31 469 26.04
469 31 16.65
31 494 20.28
31 47 21.14
31 304 1.33
31 274 14.61
31 149 17.23
149 31 9.78
31 378 4.33
378 31 24.39
31 253 2.80
253 31 4.17
31 390 14.03
390 31 1.46
32 161 12.67
32 289 3.43
32 164 3.63
32 197 22.95
32 71 13.19
32 402 -1.72
32 139 6.94
32 76 0.48
76 32 9.01
32 478 14.84
478 32 15.49
32 305 14.66
32 353 5.89
32 261 8.88
32 94 -6.63
32 351 9.86
33 450 35.04
33 389 3.18
33 215 12.19
33 137 16.93
137 33 18.18
33 330 2.32
330 33 5.93
33 395 5.69
33 468 7.30
33 405 2.60
33 406 9.66
33 343 7.93
33 472 23.40
33 414 15.84
33 293 19.23
33 230 16.55
33 50 1.49
50 33 11.77
33 489 18.60
33 367 6.98
33 304 7.78
304 33 19.72
33 114 11.69
33 246 13.07
33 123 5.21
33 256 19.94
34 162 9.54
34 260 4.59
34 69 13.95
34 200 26.23
34 73 -1.02
34 490 10.78
34 139 9.57
34 173 -13.77
34 334 19.45
34 465 16.07
34 274 26.53
34 482 12.08
34 184 21.91
34 475 22.91
475 34 0.85
34 491 15.15
491 34 5.40
35 132 9.35
35 165 6.41
35 136 9.38
35 413 7.18
35 232 20.14
232 35 14.95
35 429 10.88
35 494 2.15
35 367 -0.68
35 368 6.01
35 82 10.14
82 35 14.30
35 420 24.90
35 341 -11.57
35 207 21.02
35 187 16.24
35 93 -2.50
35 493 8.38
35 287 7.03
287 35 26.33
36 323 3.58
36 390 19.30
390 36 2.88
36 462 12.00
36 175 20.94
36 80 3.60
80 36 17.33
36 405 10.77
36 408 7.65
36 58 1.04
58 36 8.85
36 316 10.79
36 95 4.04
36 416 12.03
37 258 2.20
37 101 18.32
101 37 14.41
37 204 15.32
37 467 4.52
467 37 25.48
37 112 13.93
37 147 2.01
37 53 1.61
37 374 21.50
37 496 18.70
496 37 1.56
37 287 16.55
37 64 33.15
38 193 4.57
193 38 30.23
38 146 17.85
38 385 5.55
38 148 17.18
38 197 15.65
38 233 12.76
38 426 -0.99
38 235 -4.75
38 206 21.99
206 38 20.96
38 480 11.88
39 322 1.27
39 296 6.48
39 194 4.81
194 39 16.60
39 300 10.74
39 239 -1.00
39 112 14.83
112 39 23.70
39 113 -12.22
113 39 15.77
39 146 2.68
39 437 16.34
437 39 26.14
39 367 4.09
39 369 14.92
40 322 -0.37
40 227 -10.13
40 473 5.68
473 40 18.01
40 327 8.61
327 40 0.76
40 290 13.11
290 40 23.36
40 207 19.54
40 401 -8.76
40 82 -2.91
40 467 4.62
40 500 -0.27
40 239 29.85
40 463 9.55
40 495 0.66
495 40 1.69
40 283 3.29
40 252 9.60
40 475 16.18
40 448 18.93
448 40 7.62
41 162 1.12
41 199 17.96
199 41 7.19
41 168 18.36
168 41 0.27
41 42 -0.23
41 75 14.90
41 408 12.09
41 451 22.58
451 41 0.21
41 241 1.72
241 41 26.01
41 473 15.77
41 85 9.76
41 183 22.16
41 154 21.78
41 441 10.17
441 41 7.14
41 58 7.22
41 124 14.85
124 41 6.72
41 285 14.81
41 186 18.61
41 472 -0.40
42 227 20.68
42 292 13.62
42 102 22.24
42 264 13.69
42 140 12.95
140 42 8.12
42 254 25.84
254 42 13.15
42 113 22.46
42 85 22.50
42 183 7.86
42 345 9.10
345 42 9.88
42 464 12.96
464 42 1.96
42 190 7.25
42 474 9.12
43 100 6.40
100 43 33.85
43 453 23.50
43 244 13.63
244 43 0.96
43 235 15.85
43 76 7.33
43 429 8.51
429 43 6.55
43 47 -7.48
43 318 0.49
43 370 -7.71
370 43 15.13
43 52 10.89
43 432 23.46
43 445 6.09
43 222 27.18
44 227 -1.40
44 108 9.73
44 423 -0.02
44 230 8.88
230 44 2.97
44 71 15.46
44 264 13.91
264 44 12.85
44 490 31.77
44 459 9.83
459 44 24.60
44 268 11.84
44 141 9.97
44 80 8.72
80 44 0.38
44 465 7.42
44 404 -0.52
44 150 16.10
44 311 10.78
44 281 3.82
281 44 11.86
44 284 4.68
44 381 -1.38
44 350 5.01
45 482 13.19
482 45 30.81
45 339 9.52
45 133 43.70
133 45 10.58
45 403 8.76
45 303 13.02
45 432 4.63
46 220 16.51
46 71 0.30
71 46 19.42
46 393 8.86
46 362 17.68
46 376 14.51
46 493 -1.92
493 46 11.69
46 83 12.39
46 53 7.26
46 343 17.09
343 46 13.61
46 216 7.02
46 309 5.13
309 46 12.28
46 284 16.71
46 221 5.54
46 350 18.28
47 417 -1.03
47 354 30.64
47 388 1.19
47 328 15.96
47 189 11.54
47 396 -5.88
47 429 3.30
47 256 -1.83
47 369 -0.80
47 370 4.59
47 448 -1.79
47 54 4.06
47 215 16.03
47 408 22.73
47 414 -0.55
414 47 22.69
47 284 13.99
47 221 18.88
221 47 12.56
47 299 -5.18
299 47 15.07
47 288 -3.95
288 47 9.38
48 258 -2.74
48 196 20.37
196 48 20.90
48 391 21.44
48 457 5.09
48 383 16.37
383 48 10.81
48 172 3.94
48 334 25.05
48 127 12.13
127 48 15.51
48 206 5.95
48 496 12.35
48 214 -0.19
48 119 26.38
119 48 5.16
48 312 5.03
48 473 22.02
48 430 15.05
48 432 8.50
48 221 15.10
48 62 2.14
48 95 7.34
49 178 3.42
178 49 15.58
49 115 3.13
49 482 2.46
49 440 1.44
49 391 10.50
49 258 16.17
258 49 17.77
49 441 5.98
49 330 10.24
330 49 10.89
49 299 -7.62
49 332 30.63
49 466 18.58
50 474 -0.64
50 229 17.47
50 246 8.95
50 71 3.87
50 366 23.69
366 50 25.67
50 458 8.87
458 50 18.31
50 343 23.54
50 142 5.08
50 286 -0.41
51 354 2.16
51 323 19.86
323 51 14.75
51 133 4.63
51 294 16.97
294 51 18.78
51 423 22.67
423 51 23.38
51 233 16.40
51 355 13.38
51 177 15.10
177 51 8.26
51 82 15.54
51 244 -3.48
51 182 29.30
51 440 13.82
51 92 -1.35
51 189 -2.41
189 51 14.79
51 415 8.60
51 390 -1.74
52 440 27.47
52 312 3.97
52 230 11.44
52 296 1.52
52 92 -2.09
92 52 7.25
52 269 15.52
269 52 32.01
52 379 6.71
379 52 15.92
53 193 -19.81
53 257 1.85
257 53 0.03
53 345 24.63
53 137 17.42
137 53 19.14
53 298 15.28
298 53 18.50
53 367 18.29
367 53 1.95
53 110 15.89
110 53 27.34
53 73 3.38
53 246 13.51
53 314 5.77
53 185 10.24
53 155 -1.55
53 412 -0.29
53 286 7.30
53 495 17.10
54 97 25.05
97 54 7.64
54 66 13.24
54 301 -3.11
54 435 18.05
435 54 30.65
54 494 15.76
54 242 3.44
242 54 18.43
54 307 -8.38
54 436 2.88
54 219 11.76
54 316 19.08
54 444 14.27
444 54 4.20
54 287 4.64
287 54 19.03
55 163 7.78
55 168 17.90
168 55 10.91
55 312 11.70
55 269 12.29
55 496 5.38
55 146 2.31
55 435 8.93
55 151 8.75
55 152 5.17
55 474 22.06
474 55 4.93
55 477 11.00
55 94 18.49
55 383 19.81
383 55 7.44
56 194 -1.96
56 133 22.60
56 233 2.48
56 463 15.01
56 142 4.29
56 305 3.85
56 89 15.71
56 243 10.29
56 471 13.12
56 345 17.67
56 444 10.02
56 446 16.00
56 480 16.68
480 56 4.73
57 319 7.93
57 163 5.40
163 57 3.60
57 260 7.87
57 165 2.54
57 391 7.17
57 402 3.08
402 57 12.81
57 427 33.62
57 332 8.50
57 398 -1.32
57 463 8.24
57 208 11.81
57 242 5.15
57 148 18.49
57 277 16.02
277 57 3.45
57 150 0.95
150 57 16.30
57 185 14.70
57 122 17.11
57 59 30.74
57 288 11.35
57 281 8.24
57 278 10.57
58 355 4.62
58 293 -1.59
58 404 15.52
404 58 2.07
58 227 32.62
58 484 -2.09
484 58 8.07
58 292 1.82
292 58 5.78
58 343 28.47
58 319 9.02
59 241 5.00
59 484 30.24
484 59 8.75
59 422 -10.46
59 359 12.42
359 59 5.68
59 235 16.80
59 364 -4.86
59 112 19.45
59 325 21.81
59 155 10.92
59 414 20.00
60 131 25.47
60 388 0.53
60 199 10.70
60 360 4.93
60 137 15.69
137 60 11.55
60 170 7.66
60 139 17.83
60 268 13.30
60 77 13.06
60 432 13.58
60 146 -0.63
60 250 7.60
60 284 20.60
60 61 3.64
61 60 22.55
61 68 23.89
68 61 19.86
61 84 5.86
84 61 9.56
61 140 24.77
61 199 6.48
61 211 28.35
61 356 3.27
61 139 28.52
61 158 18.63
61 366 11.29
62 195 -6.14
62 407 4.50
62 104 12.75
62 105 8.86
62 394 11.84
394 62 21.19
62 301 16.96
62 302 10.45
62 372 12.96
62 215 -0.65
215 62 16.08
62 121 17.94
62 253 7.86
62 223 -1.18
223 62 8.98
63 481 19.81
63 485 16.10
63 100 14.53
63 293 20.94
63 397 9.63
63 405 6.42
405 63 3.25
63 339 -7.14
63 275 -15.27
63 143 24.47
143 63 7.66
63 208 22.70
63 115 20.92
63 452 12.60
63 117 -12.00
63 182 18.90
63 334 9.70
63 412 23.07
63 413 13.58
63 460 -8.06
460 63 5.25
63 310 1.21
64 193 9.19
64 410 1.72
64 100 -2.79
100 64 0.55
64 102 -5.97
64 168 1.81
168 64 18.53
64 363 4.91
363 64 15.06
64 365 10.68
64 430 9.55
430 64 10.62
64 177 -0.43
64 114 26.64
64 248 16.09
64 345 5.05
64 261 14.92
64 317 26.00
317 64 12.90
64 383 2.55
65 418 6.97
65 147 -4.16
65 230 -7.74
230 65 5.09
65 391 19.00
65 379 15.45
65 416 29.49
66 291 2.62
66 103 24.41
66 168 21.79
168 66 12.57
66 491 26.41
66 302 0.44
66 398 31.56
398 66 22.43
67 228 23.00
67 294 22.93
67 263 22.25
67 405 0.30
67 280 7.97
67 303 0.37
67 496 1.96
67 273 7.69
67 468 7.20
67 277 6.47
67 248 16.77
67 281 12.41
67 341 4.72
341 67 2.75
67 472 20.27
472 67 8.37
68 451 -1.17
451 68 4.15
68 420 11.12
68 326 12.62
68 103 15.72
68 93 18.21
68 302 13.28
68 239 -0.44
68 484 1.15
68 273 -5.77
68 409 17.57
68 84 15.97
68 249 20.33
249 68 12.15
68 254 21.11
68 70 -5.38
69 353 7.26
69 323 14.61
69 292 16.61
69 262 9.61
262 69 2.23
69 167 26.06
69 136 22.79
69 75 19.87
69 237 11.33
69 402 15.81
69 306 16.82
69 339 23.39
69 500 -7.08
69 279 18.14
279 69 16.10
69 223 23.98
70 193 11.65
193 70 4.79
70 162 8.82
162 70 24.26
70 386 19.12
70 265 23.79
265 70 0.67
70 301 10.67
70 206 7.12
70 175 18.00
70 304 -7.86
304 70 19.27
70 340 -8.18
340 70 15.21
70 335 13.51
70 279 3.73
279 70 12.04
70 495 7.30
70 252 10.82
71 433 -2.40
71 453 6.18
453 71 23.76
71 471 23.25
71 201 12.66
71 138 0.45
71 401 0.40
71 245 8.93
71 188 -4.23
71 192 3.84
72 209 12.28
72 274 3.48
72 293 16.58
72 327 18.02
72 297 11.92
72 411 18.07
72 92 6.23
72 125 -6.62
125 72 5.05
72 287 14.98
287 72 2.88
73 163 9.00
73 295 12.21
73 226 9.74
73 234 -5.13
73 232 4.23
232 73 3.66
73 367 15.07
73 336 -5.23
73 305 14.21
73 468 9.61
73 149 13.53
73 406 13.93
406 73 3.97
73 472 -2.18
74 417 -6.97
74 76 6.65
74 294 1.64
74 488 21.04
74 105 5.23
105 74 4.41
74 395 15.06
74 204 8.03
74 302 6.11
302 74 7.50
74 495 -5.57
495 74 4.02
74 144 3.90
74 209 -22.21
74 467 -7.26
74 275 -2.37
74 260 18.97
74 213 16.65
74 406 15.29
74 152 12.36
74 317 14.66
74 383 23.12
75 161 8.02
75 371 14.41
75 147 16.74
75 366 4.53
366 75 9.31
75 177 6.42
75 451 -0.59
75 83 12.40
75 430 2.17
75 155 6.35
75 476 -4.08
75 285 13.23
75 190 10.78
190 75 23.08
75 223 9.28
75 320 4.93
320 75 0.40
76 293 9.06
76 231 26.41
76 263 11.75
76 328 7.54
328 76 9.53
76 169 15.68
169 76 0.30
76 108 9.73
108 76 13.18
76 270 4.06
76 463 26.94
76 174 8.63
76 210 -2.54
76 327 -10.98
76 121 26.71
76 326 12.57
326 76 20.74
77 483 7.93
483 77 3.32
77 490 -2.90
77 426 27.86
426 77 6.01
77 427 24.07
77 237 -6.66
77 209 16.20
77 406 5.61
77 375 13.42
77 216 5.46
77 158 20.64
77 256 -0.55
78 492 -2.95
78 327 8.18
327 78 12.32
78 331 21.47
78 227 15.93
78 494 28.04
78 276 28.06
276 78 16.91
78 341 7.11
341 78 8.63
78 86 12.95
78 151 12.45
78 220 7.81
78 163 5.64
78 348 9.48
78 230 14.91
78 434 7.56
78 172 3.42
172 78 18.54
78 469 -1.02
78 366 10.62
78 306 4.31
78 307 1.78
78 212 14.35
78 375 2.66
78 405 6.37
78 444 10.25
78 445 16.19
78 256 9.06
79 357 -6.53
357 79 31.16
79 195 3.02
79 333 25.46
79 483 -0.27
79 167 -8.81
80 426 20.93
80 101 29.29
80 212 7.24
80 168 -5.25
168 80 4.32
80 393 4.00
80 362 -3.60
80 468 5.69
80 81 10.83
80 434 14.05
80 292 21.00
292 80 7.02
80 342 1.75
342 80 13.71
80 346 2.33
80 282 8.18
80 348 28.53
80 478 4.63
478 80 14.79
80 127 16.44
80 438 17.70
81 177 -0.07
81 236 19.69
81 437 4.65
81 406 15.44
406 81 4.37
81 298 27.04
81 105 11.85
81 234 4.69
81 92 2.14
81 396 4.40
81 318 8.84
82 230 35.63
82 135 -3.31
82 137 14.36
82 264 5.96
82 206 0.55
82 303 10.64
303 82 9.24
82 176 13.14
82 179 16.63
82 87 -3.12
82 474 2.46
82 249 26.00
82 378 -9.10
82 424 -3.41
82 400 22.15
82 189 1.11
189 82 10.79
82 475 1.96
475 82 11.86
83 131 5.52
83 107 17.89
107 83 9.18
83 215 9.57
215 83 5.24
83 349 2.46
349 83 20.20
83 211 15.73
83 90 0.70
83 191 3.56
84 195 16.93
84 229 -2.83
229 84 11.02
84 134 -2.09
134 84 18.07
84 392 -2.44
84 323 16.74
84 115 18.56
84 148 3.11
84 215 1.94
84 375 11.44
84 126 9.87
84 320 -8.92
85 385 17.89
85 290 2.52
85 260 20.09
85 261 40.33
85 166 6.36
85 296 22.44
85 139 23.53
139 85 9.66
85 418 -7.64
85 403 -7.86
403 85 16.09
85 434 9.23
434 85 15.58
85 96 10.33
96 85 4.03
86 385 21.76
86 259 22.13
86 228 31.37
86 357 -1.49
86 136 19.26
86 169 20.03
86 340 16.86
86 355 1.72
355 86 20.06
86 222 18.44
86 180 -5.19
86 469 7.56
86 313 17.00
86 398 32.19
86 348 15.54
348 86 4.58
86 254 4.87
254 86 6.42
86 127 6.47
127 86 5.17
87 252 14.81
252 87 20.22
87 485 -1.43
87 362 26.63
87 331 4.47
87 428 -5.11
87 334 13.90
87 241 18.21
87 499 7.88
499 87 15.96
87 244 14.16
87 469 26.03
87 406 10.69
406 87 19.00
87 89 12.62
87 92 9.83
87 253 6.18
88 353 0.66
88 231 3.55
88 426 -0.47
88 396 -7.99
396 88 9.30
88 366 -0.03
88 400 5.06
88 490 11.27
88 500 17.77
88 374 17.34
88 394 24.45
88 314 8.89
314 88 15.15
89 129 22.88
89 420 2.45
89 440 7.83
89 170 5.39
89 107 6.67
89 204 17.23
89 304 11.18
304 89 13.70
89 277 9.84
89 190 23.78
89 287 20.27
89 352 12.56
90 482 4.25
90 99 -1.95
90 441 4.24
90 102 5.74
90 296 9.11
90 138 19.35
90 107 16.91
90 237 13.87
237 90 10.49
90 227 1.03
90 111 5.55
90 238 17.41
90 345 15.94
90 180 -13.97
90 309 9.70
309 90 17.80
90 175 3.19
175 90 3.78
90 333 -3.93
90 122 6.53
90 320 6.60
91 293 11.21
91 136 7.58
91 361 18.19
361 91 17.26
91 426 0.96
426 91 4.71
91 392 14.56
91 238 11.99
91 146 9.07
91 149 17.73
91 343 -3.99
91 413 -3.25
413 91 23.33
91 255 12.15
255 91 21.45
91 96 7.70
92 193 13.65
92 261 -12.68
92 201 24.97
201 92 31.26
92 472 4.73
92 259 6.96
92 143 1.46
143 92 40.22
92 144 -10.28
92 209 7.16
92 275 23.94
92 344 11.76
92 98 10.26
98 92 4.63
92 307 4.08
307 92 14.96
92 308 15.10
92 375 6.17
92 443 26.34
92 189 13.95
93 98 11.09
93 165 1.49
165 93 23.05
93 262 17.26
93 487 18.86
93 201 16.71
201 93 10.16
93 237 -1.08
93 259 13.78
259 93 7.33
93 382 -13.12
93 469 7.70
469 93 6.54
93 245 9.89
245 93 3.66
93 311 18.82
93 280 8.53
93 405 5.71
93 375 2.50
93 125 9.65
93 158 -10.03
158 93 8.78
94 354 25.92
94 412 31.69
94 134 9.14
94 104 31.94
94 332 -13.24
332 94 4.36
94 144 9.69
144 94 6.15
94 457 20.97
94 468 16.51
94 311 13.36
94 312 16.49
94 486 27.11
94 442 -6.35
442 94 21.44
94 422 -5.49
95 209 19.07
95 179 -3.13
95 180 13.47
95 105 12.87
95 310 7.12
95 486 9.29
95 351 16.75
96 389 -9.99
96 296 0.05
96 457 9.92
457 96 14.07
96 307 6.25
96 147 12.57
147 96 23.11
96 247 25.98
96 345 23.11
96 378 0.70
96 348 10.30
348 96 4.26
96 318 31.88
97 353 14.51
97 194 -0.48
97 387 -9.15
97 101 9.71
97 407 10.49
97 425 15.95
97 140 22.26
97 109 20.86
97 275 3.97
275 97 44.37
97 143 20.07
97 238 24.33
97 211 25.21
211 97 0.72
97 496 -6.06
496 97 10.88
97 311 11.46
97 120 21.78
97 473 -7.77
97 410 19.51
97 208 0.54
98 370 1.26
98 276 -6.98
98 299 18.97
98 336 20.10
98 305 -2.44
98 105 4.40
105 98 0.21
98 340 -9.35
340 98 13.84
98 279 -1.03
279 98 1.15
98 186 -4.20
186 98 12.21
99 387 17.06
387 99 4.17
99 357 19.58
357 99 17.33
99 358 9.32
358 99 3.43
99 264 9.64
99 361 9.57
99 392 23.55
99 173 17.97
173 99 2.75
99 271 26.76
99 393 9.17
99 371 -14.01
371 99 26.00
99 436 11.70
99 474 26.58
99 376 27.34
376 99 15.82
99 249 10.82
99 158 20.24
158 99 10.69
99 191 18.58
191 99 15.86
99 422 16.73
100 323 10.11
100 108 12.93
100 271 4.78
100 496 -0.60
496 100 16.78
100 178 14.88
100 211 18.28
100 383 9.90
383 100 6.10
100 463 16.76
100 107 -0.32
107 100 12.77
100 223 23.67
100 224 -0.05
101 316 31.89
101 246 6.01
101 279 18.48
101 240 15.55
101 415 28.12
415 101 4.28
102 164 22.02
102 263 15.99
263 102 27.49
102 136 9.64
102 491 11.81
102 360 24.35
102 461 8.65
461 102 17.93
102 143 21.74
102 208 22.34
102 306 16.93
102 500 21.14
500 102 12.59
102 447 -1.61
447 102 10.71
102 407 17.21
102 187 20.02
102 349 -0.98
102 319 -10.55
103 193 0.03
193 103 0.47
103 449 17.48
103 363 9.02
103 174 3.41
103 176 2.65
103 196 5.41
196 103 10.30
103 373 14.89
103 471 13.14
471 103 16.61
103 313 -2.86
313 103 18.78
103 410 11.53
410 103 7.13
103 380 14.45
104 421 7.84
421 104 19.14
104 390 12.11
390 104 2.87
104 105 21.62
104 234 15.45
104 205 24.71
104 430 -7.62
430 104 6.30
104 337 13.28
104 464 12.52
104 448 17.55
104 221 -3.66
104 128 10.50
105 292 -0.47
292 105 0.53
105 491 24.13
105 329 7.69
105 107 11.23
105 333 18.14
105 143 18.29
143 105 24.50
105 489 24.70
105 375 1.93
105 345 14.38
345 105 10.82
105 331 0.90
331 105 23.57
105 255 -3.64
105 406 3.54
406 105 20.55
106 260 14.58
106 389 3.68
106 264 7.70
106 426 8.94
106 235 20.80
106 472 6.63
106 461 24.53
461 106 7.51
106 239 -6.91
106 217 0.05
106 180 2.37
106 249 0.37
106 155 1.20
106 363 -1.16
106 411 19.49
106 310 23.13
107 322 19.19
107 451 16.79
451 107 1.04
107 488 9.53
107 198 -3.97
107 482 -4.83
482 107 6.88
107 204 13.89
107 435 17.13
107 153 14.52
153 107 23.00
107 125 7.45
107 255 0.14
107 192 13.68
108 418 13.70
108 131 25.68
108 487 0.96
487 108 4.10
108 295 2.27
295 108 29.22
108 493 18.03
108 141 0.15
141 108 13.16
108 243 12.60
243 108 12.99
108 405 3.34
108 122 8.70
108 339 4.75
108 139 3.29
108 300 11.32
109 290 17.27
290 109 14.04
109 355 11.88
109 196 19.51
109 244 16.16
244 109 20.69
109 487 4.02
487 109 4.18
109 322 0.26
109 485 9.45
109 144 -9.85
109 499 -1.06
109 276 5.93
109 309 18.23
109 373 37.87
373 109 6.70
109 319 0.37
319 109 1.30
110 388 11.86
110 486 24.62
110 295 22.55
110 201 11.18
110 299 13.19
110 396 9.85
110 269 14.44
110 339 33.04
110 420 0.69
110 408 -2.81
110 319 10.71
111 484 10.80
111 294 -6.20
294 111 27.92
111 231 23.96
231 111 7.32
111 234 28.43
234 111 0.06
111 463 0.43
463 111 4.12
111 179 4.48
179 111 11.52
111 438 7.84
438 111 3.77
111 344 6.46
111 313 1.87
111 298 -6.12
298 111 17.53
111 127 24.60
127 111 2.26
111 256 12.41
112 335 17.39
112 114 3.17
114 112 4.94
112 319 2.72
112 214 -3.95
112 344 1.92
344 112 1.78
112 142 22.54
112 127 -11.75
127 112 0.60
112 342 13.85
113 273 3.10
113 195 4.03
113 220 8.90
113 326 28.72
326 113 19.20
113 140 6.53
113 462 30.62
462 113 18.69
113 177 13.55
177 113 8.15
113 339 1.39
113 468 6.53
468 113 13.40
113 406 5.55
113 219 9.80
219 113 25.69
113 319 14.46
319 113 23.43
114 163 7.60
114 488 4.84
114 298 5.99
114 383 14.07
114 499 4.89
114 116 10.18
114 287 20.52
115 321 16.50
321 115 13.56
115 450 -4.48
115 484 24.21
115 359 -2.94
359 115 4.43
115 339 12.61
339 115 20.04
115 341 28.11
115 278 -11.15
115 415 15.62
115 120 31.47
115 380 25.83
380 115 14.07
115 287 2.59
116 129 25.12
116 415 17.27
116 279 21.47
116 418 -6.13
116 284 20.38
116 287 10.27
117 396 23.16
396 117 10.74
117 453 17.28
117 262 19.04
117 359 4.17
117 488 2.10
117 363 15.66
363 117 22.34
117 428 23.78
117 430 -4.96
117 207 6.20
207 117 19.00
117 186 3.13
117 160 2.96
118 172 4.16
118 327 34.40
118 297 25.32
118 395 19.13
118 152 9.50
118 206 13.41
118 425 2.86
118 309 4.50
309 118 1.80
118 344 5.50
344 118 12.12
118 281 4.77
118 188 26.24
118 224 1.15
224 118 21.75
119 355 25.54
355 119 0.70
119 296 13.46
119 298 9.13
119 302 -7.10
119 468 19.33
119 212 8.28
119 405 6.42
119 312 10.96
119 480 12.38
119 416 9.06
120 483 10.78
483 120 10.30
120 372 -2.11
120 343 6.23
120 185 -12.99
120 346 13.62
120 179 3.61
179 120 0.29
120 403 2.58
121 225 3.72
121 453 11.49
453 121 18.02
121 286 0.88
121 370 30.23
121 169 10.02
121 269 8.18
269 121 1.42
121 336 19.60
121 273 14.13
121 338 9.20
338 121 3.14
121 404 3.76
121 309 9.77
121 155 10.00
155 121 10.68
121 400 16.07
121 347 13.87
347 121 1.73
122 483 17.38
122 324 4.53
122 133 8.65
133 122 10.21
122 263 27.80
263 122 3.98
122 361 6.79
122 428 -0.31
122 142 20.90
122 337 24.72
122 434 3.69
122 148 -1.33
123 487 6.25
123 425 16.82
123 330 13.64
123 399 23.93
123 208 9.16
123 181 -1.12
123 175 25.33
123 283 20.45
283 123 2.23
123 240 4.55
123 347 12.51
123 351 2.83
351 123 7.13
124 149 0.75
124 246 22.59
124 152 11.31
152 124 6.67
124 442 13.63
442 124 8.84
124 302 3.45
125 459 9.76
125 162 19.95
162 125 4.17
125 418 9.67
125 194 12.39
125 398 22.19
398 125 2.66
125 463 -10.80
125 464 18.40
125 241 17.79
125 499 23.56
499 125 3.17
125 249 8.21
249 125 3.49
125 411 2.94
126 131 8.16
126 148 20.25
126 264 21.34
126 137 7.54
126 308 6.11
126 333 7.32
126 174 15.91
126 366 13.03
126 337 7.80
337 126 15.16
126 146 11.35
126 493 13.24
126 426 7.67
126 411 11.26
411 126 27.47
126 443 -2.35
443 126 19.90
126 297 4.96
127 195 10.95
195 127 6.12
127 238 17.71
127 500 13.37
127 348 3.71
127 285 19.78
127 191 3.93
128 442 10.73
128 444 21.01
128 135 6.59
128 170 8.25
128 339 12.36
128 212 18.77
212 128 25.71
128 245 15.53
245 128 7.10
128 366 16.52
366 128 2.24
128 346 11.61
128 443 -7.53
443 128 5.18
128 368 6.05
368 128 10.14
128 381 -0.67
128 190 9.99
129 449 28.38
129 440 18.05
129 392 21.13
129 180 16.47
129 210 10.15
129 308 5.44
129 427 30.72
427 129 5.11
129 140 6.98
129 500 24.24
129 146 10.24
129 403 16.74
129 473 7.04
473 129 5.65
129 280 33.27
280 129 15.54
129 485 4.58
129 219 29.15
219 129 14.63
129 479 8.37
479 129 17.07
129 384 -4.63
130 212 20.31
130 383 14.17
130 151 6.31
151 130 13.17
130 232 0.56
232 130 21.01
130 445 13.08
130 237 3.77
130 446 17.15
446 130 4.75
130 287 26.10
130 384 -0.03
384 130 5.58
131 228 18.38
131 327 3.40
131 379 10.27
131 235 6.07
235 131 11.89
131 399 15.80
131 176 12.50
176 131 24.39
131 308 10.73
131 181 27.62
181 131 11.62
131 463 1.98
131 343 -0.22
343 131 22.15
131 472 5.10
472 131 10.94
131 284 -5.27
131 479 8.19
479 131 3.66
131 332 11.04
332 131 10.70
131 480 15.72
480 131 9.26
132 401 13.40
401 132 6.13
132 313 4.15
313 132 7.59
132 212 -14.05
132 133 5.07
133 132 11.21
132 471 -8.39
471 132 0.77
132 200 -2.74
132 217 -2.18
132 363 6.94
363 132 7.67
132 411 22.99
411 132 22.00
133 481 24.06
481 133 15.19
133 226 7.42
226 133 25.19
133 421 11.72
421 133 25.53
133 294 11.58
294 133 0.84
133 356 8.32
133 142 18.24
133 366 -4.54
133 228 -0.60
133 377 2.29
377 133 8.82
133 314 15.94
133 382 14.97
133 430 -0.13
134 226 23.82
134 387 10.07
134 168 11.60
134 189 13.72
134 483 8.68
134 354 25.23
134 241 4.53
241 134 10.85
134 217 -4.96
134 401 16.97
134 377 7.18
134 157 7.86
135 228 2.93
135 453 13.43
453 135 19.02
135 230 8.64
135 199 11.35
135 489 19.03
135 234 18.47
135 268 -2.03
135 397 19.25
135 270 13.45
270 135 17.96
135 335 14.25
135 213 17.05
213 135 4.79
135 247 11.02
135 138 -1.38
135 410 -8.14
135 251 10.18
135 412 3.37
135 443 12.07
135 223 8.69
136 322 6.67
322 136 6.15
136 201 1.95
136 142 26.80
142 136 12.97
136 145 -5.23
145 136 18.78
136 274 13.57
136 152 22.91
136 477 15.95
136 219 16.89
136 422 6.23
136 337 18.85
136 357 8.09
136 298 32.99
298 136 6.51
136 171 17.39
136 392 -8.15
136 450 13.48
136 246 28.82
246 136 25.66
136 315 11.72
136 374 20.84
137 228 7.25
137 486 10.20
137 364 1.19
364 137 7.29
137 269 -5.18
269 137 14.13
137 247 6.21
247 137 19.60
137 256 1.03
138 244 21.82
138 400 -2.80
138 423 8.26
138 169 33.12
138 439 10.87
138 356 3.95
138 176 15.09
139 451 7.46
139 348 4.01
139 357 -6.59
357 139 13.25
139 472 6.52
472 139 2.86
139 141 9.51
139 175 4.06
139 176 16.75
139 457 18.75
139 184 15.54
139 350 24.35
140 476 11.69
476 140 4.06
140 389 9.46
140 456 9.35
456 140 1.69
140 266 11.88
140 427 10.49
427 140 11.82
140 332 26.72
140 271 16.44
140 481 -7.39
481 140 16.04
140 449 6.49
140 182 20.11
182 140 7.22
140 313 27.90
140 442 9.44
140 156 -6.16
141 225 17.60
225 141 1.69
141 145 18.86
141 453 -15.05
141 487 8.81
487 141 1.62
141 296 21.64
296 141 14.49
141 363 24.60
363 141 2.81
141 431 -2.49
141 147 22.67
141 463 11.62
141 177 -0.45
141 380 16.69
141 477 1.64
141 395 18.58
142 354 12.70
142 459 -3.41
142 211 9.27
142 372 10.63
142 345 9.74
345 142 9.56
142 283 17.47
142 381 23.38
381 142 4.70
142 384 16.38
143 226 -3.68
226 143 8.17
143 380 19.20
380 143 2.79
143 453 23.88
453 143 7.63
143 454 10.09
454 143 14.17
143 172 12.80
143 160 11.72
160 143 11.92
143 176 8.25
176 143 3.80
143 256 9.13
256 143 26.79
143 400 7.34
143 474 -4.62
143 396 15.02
396 143 2.08
143 320 30.31
144 323 21.35
323 144 1.64
144 444 3.56
144 427 6.26
144 458 4.89
458 144 6.20
144 301 10.03
144 375 20.82
144 447 8.40
144 223 0.21
144 492 -2.88
145 161 20.74
161 145 7.79
145 442 8.30
145 164 8.38
145 477 9.96
477 145 10.99
145 467 11.96
145 463 13.85
145 490 10.65
145 307 5.82
145 181 26.88
145 150 -8.88
150 145 15.60
145 471 7.42
471 145 5.01
145 250 15.50
145 277 4.43
145 187 11.44
187 145 34.36
146 316 5.11
146 426 -14.35
146 454 -0.71
146 347 10.91
146 271 12.10
146 480 13.49
480 146 10.94
146 273 2.36
146 250 6.32
146 320 28.06
147 289 19.70
289 147 0.55
147 451 21.14
147 422 10.13
147 391 -8.95
147 178 4.76
147 389 -5.45
389 147 4.06
147 413 9.95
147 255 17.41
148 385 -1.56
148 451 11.06
148 456 3.01
456 148 5.74
148 457 14.93
457 148 20.85
148 216 -0.94
148 461 11.28
148 468 19.86
148 370 -10.33
148 437 13.36
148 150 27.47
150 148 3.34
148 248 10.47
248 148 7.77
148 188 13.01
148 221 -7.78
221 148 9.33
149 257 17.06
149 386 2.89
149 323 14.89
149 169 22.71
149 458 21.77
149 344 20.12
149 419 26.44
149 174 8.02
174 149 7.71
149 400 12.51
400 149 5.94
149 308 3.49
149 214 32.22
149 311 0.72
149 152 11.53
149 249 15.63
150 451 12.90
150 375 12.72
150 266 28.99
150 301 18.71
150 270 9.98
270 150 6.93
150 468 9.66
468 150 7.26
150 467 1.71
467 150 23.87
150 274 11.85
150 179 29.69
150 363 46.76
150 253 4.22
150 299 0.84
150 479 23.76
151 254 23.14
151 380 12.17
151 446 7.67
446 151 9.04
151 363 -5.30
363 151 28.90
151 220 17.05
151 224 16.04
152 483 19.17
152 348 -6.35
152 201 13.80
152 315 -5.91
152 233 4.22
152 153 4.13
152 309 18.13
309 152 8.53
152 158 -11.66
158 152 2.63
153 162 22.62
153 164 -1.31
153 440 36.95
440 153 26.14
153 258 14.35
153 312 11.40
153 196 20.75
153 409 34.81
153 469 -3.64
469 153 2.71
153 315 5.22
153 446 6.82
154 290 2.44
290 154 0.61
154 455 10.06
154 424 12.91
154 330 10.15
154 427 4.58
427 154 3.24
154 301 13.14
154 238 12.52
154 430 31.30
154 211 -15.94
154 247 8.51
154 158 -0.75
155 483 13.68
155 490 19.63
490 155 6.79
155 261 1.62
155 294 20.24
155 169 15.02
169 155 5.29
155 421 10.35
421 155 13.34
155 369 -0.34
155 393 -2.61
155 309 9.93
155 248 4.05
155 422 9.61
422 155 13.72
156 163 4.93
156 421 8.03
421 156 18.98
156 454 21.20
156 298 -5.19
156 403 19.41
156 464 24.34
156 433 22.75
156 243 9.13
156 469 5.35
156 286 16.55
156 352 10.42
157 230 7.45
157 200 8.66
157 233 31.24
157 366 4.73
157 467 1.27
157 297 18.47
157 371 -2.56
157 214 11.68
157 183 -8.33
157 280 -10.65
157 352 10.59
158 486 20.52
486 158 5.34
158 426 2.93
158 458 2.99
158 272 15.65
158 493 22.56
158 436 1.83
158 373 6.19
159 177 8.34
177 159 2.82
159 213 9.45
159 331 20.64
159 414 16.56
159 478 -6.56
160 261 5.08
261 160 22.87
160 265 18.65
265 160 4.63
160 426 21.07
426 160 3.03
160 363 3.53
363 160 21.41
160 274 11.09
274 160 1.00
160 375 4.54
160 184 9.12
160 478 7.63
478 160 0.68
160 331 0.64
160 447 10.51
161 433 6.66
433 161 8.60
161 483 22.87
161 230 10.89
161 168 11.55
168 161 5.93
161 296 5.45
161 174 3.99
174 161 8.84
161 399 19.39
161 434 25.62
161 439 9.41
161 218 24.03
161 251 19.17
162 354 10.65
354 162 7.95
162 335 6.65
335 162 27.38
162 338 2.32
162 342 4.21
162 441 9.96
162 254 23.90
162 486 23.73
163 164 11.16
163 473 15.27
473 163 17.37
163 402 10.23
163 171 4.59
163 438 14.81
164 257 11.79
164 290 -19.82
290 164 9.82
164 488 5.28
488 164 0.76
164 422 10.09
164 408 21.57
164 269 8.51
269 164 1.51
164 355 15.09
164 239 18.92
239 164 17.72
164 346 1.63
346 164 8.20
164 213 -3.19
164 187 16.73
165 354 13.25
165 441 12.09
441 165 2.64
165 370 14.55
165 427 20.41
165 500 10.91
500 165 3.51
165 468 11.68
165 432 7.06
165 210 29.16
165 212 25.75
165 470 1.41
165 215 17.59
165 349 9.91
349 165 0.44
166 413 2.90
166 491 18.35
166 498 15.85
166 376 1.54
376 166 15.26
167 332 19.65
167 454 22.55
167 231 10.65
167 461 22.34
167 396 1.24
167 205 8.51
167 499 13.76
167 401 7.03
167 466 6.73
466 167 14.98
167 467 19.51
167 469 23.42
469 167 6.97
167 345 4.68
167 261 10.35
167 221 -3.74
168 451 14.40
168 485 9.55
168 199 22.12
168 487 4.88
168 495 6.94
168 305 10.60
168 310 0.56
168 215 16.85
169 410 21.76
169 355 18.16
169 460 1.73
169 229 20.94
169 338 15.50
169 306 13.00
306 169 34.66
169 211 2.58
169 216 6.27
169 409 -0.68
170 227 18.32
170 388 12.86
170 485 -8.20
170 359 0.42
170 264 8.11
170 334 5.77
170 473 17.98
170 277 18.89
170 374 17.71
170 287 4.45
171 306 14.36
171 213 23.58
171 344 13.39
171 298 18.16
298 171 23.25
171 251 16.89
171 252 13.84
171 397 8.64
171 207 -2.91
172 290 12.30
290 172 23.46
172 492 9.29
172 261 -13.09
172 486 16.15
172 297 14.04
297 172 6.26
172 394 10.50
394 172 6.09
172 184 8.94
172 276 15.54
172 384 7.60
172 287 13.50
172 342 12.58
173 260 -0.25
173 261 -6.26
173 338 20.09
173 202 15.71
173 268 15.85
173 495 12.25
173 368 5.09
173 360 29.42
173 242 10.57
173 340 19.31
173 407 -7.25
173 346 2.41
173 412 -5.04
173 189 20.46
173 414 15.51
173 448 6.43
174 337 20.56
174 388 11.52
174 327 18.53
174 199 17.82
174 423 23.21
423 174 21.83
174 490 19.57
174 331 19.18
174 400 13.48
400 174 29.88
174 177 -5.79
177 174 21.60
174 389 20.68
174 497 14.26
174 346 15.06
174 478 6.49
478 174 10.26
174 476 5.60
476 174 20.15
174 427 7.07
175 293 19.53
175 329 8.65
329 175 12.03
175 332 9.33
332 175 11.32
175 303 8.96
175 339 12.91
175 454 8.10
175 239 -14.57
175 381 12.34
176 279 8.99
176 195 27.68
176 401 2.69
401 176 10.25
176 470 9.89
176 183 8.71
183 176 23.04
176 250 11.88
250 176 29.39
176 186 29.96
176 188 11.82
176 447 22.72
177 389 26.64
389 177 10.43
177 226 3.50
177 201 19.38
201 177 10.95
177 268 1.40
177 335 10.48
177 430 21.38
430 177 12.81
177 273 3.21
273 177 3.81
177 441 23.48
177 213 0.70
177 278 13.98
177 464 23.81
177 352 11.92
352 177 22.90
177 241 -3.81
241 177 6.77
177 228 -3.37
177 392 9.71
177 181 4.60
177 185 12.86
178 193 26.72
178 227 25.84
227 178 26.50
178 423 2.95
178 295 21.75
178 363 12.18
178 237 12.31
178 243 10.76
178 207 25.49
207 178 1.37
178 496 18.93
496 178 14.08
178 213 8.81
178 407 21.02
178 309 -11.66
178 222 11.81
179 360 21.11
179 445 7.20
445 179 28.47
179 349 -1.25
179 191 22.54
191 179 15.06
179 270 5.81
179 272 22.53
179 370 9.28
179 214 -7.38
179 343 22.95
179 251 8.65
179 288 24.31
179 189 5.67
179 347 7.60
180 419 20.28
180 486 4.20
180 295 13.60
180 265 25.61
180 495 -0.53
180 368 -5.26
180 185 32.06
180 212 11.96
180 281 2.78
180 414 14.80
180 288 -0.76
181 481 0.64
181 389 4.00
181 360 5.00
181 395 19.23
181 268 16.42
181 367 4.76
181 425 0.13
425 181 24.63
181 466 13.32
466 181 1.13
181 399 19.06
181 495 6.00
495 181 0.29
181 413 18.89
181 254 13.93
182 459 18.94
182 450 16.70
182 428 -4.36
182 359 0.94
182 393 15.18
182 427 24.16
182 243 16.39
182 496 13.60
182 217 12.32
217 182 21.12
182 252 18.49
182 414 12.76
183 325 -5.94
183 455 7.71
183 466 12.51
466 183 11.14
183 329 20.21
329 183 7.69
183 301 -0.17
301 183 4.28
183 366 18.06
183 495 -0.31
495 183 8.46
183 468 -2.41
183 314 21.10
183 446 20.52
184 260 17.10
260 184 12.88
184 482 -2.89
482 184 3.67
184 312 11.03
184 494 13.49
494 184 7.26
184 367 16.72
184 305 10.82
305 184 13.78
184 372 3.94
372 184 17.29
184 440 13.26
184 348 4.77
348 184 18.26
185 290 8.06
185 495 14.77
185 313 2.12
186 289 2.54
186 457 14.25
186 290 20.80
186 267 8.77
186 476 1.15
476 186 9.97
187 321 6.13
187 305 -10.83
187 229 12.74
187 200 26.15
187 394 -9.23
394 187 2.09
187 355 11.06
187 367 34.14
367 187 14.71
187 208 18.64
187 278 22.13
187 281 16.86
281 187 8.79
187 314 -1.40
314 187 17.35
187 347 11.53
187 411 10.19
187 446 -2.97
446 187 6.11
188 195 -0.06
188 420 18.20
420 188 5.84
188 488 9.73
188 297 19.58
188 494 17.25
188 364 13.42
188 270 3.97
270 188 1.94
188 238 6.74
188 444 14.48
189 482 16.36
482 189 12.33
189 454 2.38
189 232 3.88
189 491 -2.87
189 375 3.68
190 466 5.73
190 234 17.46
234 190 16.12
190 249 -6.18
190 243 13.49
190 407 -8.64
190 445 36.00
190 395 7.08
191 259 16.74
191 459 7.95
191 355 -8.42
191 367 2.62
191 238 -1.95
191 207 7.93
207 191 7.56
191 278 12.40
191 377 7.90
191 410 15.04
191 411 10.03
191 444 24.52
191 445 16.86
191 414 24.57
192 321 17.92
192 291 17.09
291 192 13.18
192 228 12.26
192 332 11.21
192 467 6.48
192 272 22.68
192 305 9.16
192 371 24.40
192 212 0.97
212 192 5.09
192 215 -3.47
215 192 4.01
192 442 3.63
442 192 1.42
192 249 26.03
192 282 19.15
282 192 7.20
192 251 12.68
192 427 13.76
427 192 4.38
192 411 18.97
192 288 16.39
193 220 14.17
220 193 20.49
193 473 13.09
193 276 15.65
193 234 9.66
234 193 5.99
193 484 6.00
193 371 13.79
193 212 7.47
193 458 1.09
193 377 1.61
194 394 19.45
194 204 9.93
194 265 15.21
194 268 10.83
194 208 20.75
194 297 19.86
194 308 -11.23
194 341 2.52
194 446 13.00
194 304 2.86
195 417 15.69
195 483 12.55
195 325 3.73
195 231 -2.12
195 434 23.74
434 195 3.77
195 274 30.70
195 239 -6.13
239 195 20.27
195 220 14.14
195 416 8.69
196 353 18.57
196 227 22.51
196 229 44.29
229 196 18.23
196 391 8.75
196 460 18.73
460 196 20.93
196 431 9.77
196 325 25.08
196 251 -11.17
196 412 17.85
196 453 13.44
196 320 14.15
320 196 13.39
197 433 20.92
197 275 28.89
197 213 1.20
213 197 1.62
197 199 19.53
197 342 21.68
342 197 12.51
197 320 13.51
320 197 0.62
197 221 14.29
197 339 12.92
197 463 15.69
198 354 17.11
198 227 1.66
198 260 8.78
198 229 -2.37
198 457 -2.70
198 333 8.09
198 270 13.84
198 431 13.73
198 309 19.26
309 198 1.95
198 293 -1.46
198 412 11.08
198 381 31.75
199 482 10.90
482 199 19.01
199 380 7.59
199 445 19.82
445 199 11.17
199 360 16.91
199 207 10.37
199 215 11.19
199 357 10.95
199 251 18.75
199 492 7.14
200 390 17.99
390 200 2.29
200 492 17.38
200 302 13.43
200 399 10.96
200 499 18.80
200 223 15.57
200 379 2.05
379 200 7.90
200 351 8.54
200 320 22.05
201 290 -4.24
201 364 11.81
364 201 34.18
201 326 21.66
326 201 12.90
201 458 -12.30
458 201 1.14
201 296 0.03
201 238 24.27
201 338 11.21
201 499 20.09
201 244 -1.10
201 447 30.83
202 453 -5.56
202 408 17.56
202 393 2.93
202 299 24.97
203 260 -9.02
203 357 7.17
203 247 19.36
247 203 7.02
203 391 3.28
203 232 5.13
232 203 17.04
203 397 20.97
397 203 4.31
203 414 15.60
203 495 17.11
203 454 9.00
454 203 7.57
204 321 16.46
204 491 11.44
491 204 21.31
204 450 2.69
204 367 16.44
204 478 15.05
204 465 -0.71
204 239 10.66
204 254 7.86
204 448 19.96
205 457 13.61
205 233 3.67
205 428 9.10
205 399 5.91
399 205 5.96
205 368 27.84
205 402 -3.20
402 205 22.95
205 212 29.59
205 443 14.17
205 272 15.92
205 383 19.42
206 296 8.28
206 266 -1.13
206 335 5.69
206 277 11.96
206 376 21.48
206 431 5.54
206 240 0.19
206 446 19.39
207 455 7.90
207 399 12.85
207 475 7.84
207 222 -7.14
222 207 18.55
207 288 25.00
208 291 -8.62
208 325 1.15
325 208 5.06
208 354 3.73
208 403 -16.70
403 208 4.44
208 318 -3.38
208 321 16.21
208 371 2.45
208 372 17.45
208 470 19.16
470 208 21.50
208 281 18.98
208 486 0.83
209 422 9.84
422 209 22.93
209 383 -0.50
209 492 15.23
209 368 20.89
368 209 8.96
209 337 24.75
337 209 14.38
209 498 3.08
498 209 6.62
209 374 15.06
374 209 18.55
209 480 16.06
209 463 28.82
209 470 4.35
210 422 20.04
210 225 19.87
210 304 9.49
210 306 0.34
210 468 5.99
210 474 21.70
474 210 10.87
210 378 6.47
210 411 13.03
210 385 -23.76
211 226 15.17
211 332 14.64
332 211 6.30
211 365 1.57
211 274 -0.68
274 211 3.79
211 483 3.71
211 221 2.60
211 446 10.00
446 211 12.28
212 280 15.22
280 212 21.78
212 281 -2.01
212 272 18.63
272 212 7.53
212 390 4.14
212 231 16.32
212 296 0.65
296 212 2.11
212 297 16.21
212 424 1.26
424 212 18.17
212 238 16.64
212 311 7.30
212 458 0.76
212 318 2.79
318 212 20.19
213 237 9.08
213 271 11.50
271 213 17.70
213 487 16.28
487 213 15.90
213 284 9.10
213 288 9.08
214 355 30.16
214 293 -8.33
214 262 20.79
262 214 1.95
214 265 -4.53
265 214 3.57
214 235 12.12
214 366 -11.52
366 214 13.78
214 241 12.92
214 375 -0.46
214 313 8.69
214 405 19.79
214 462 6.73
214 220 -2.69
214 446 5.23
214 383 23.11
215 258 7.66
258 215 4.74
215 324 -1.53
215 325 8.19
215 269 15.52
269 215 19.23
215 400 19.91
215 404 8.64
404 215 8.05
215 345 11.58
215 474 6.91
215 290 9.16
215 424 11.01
215 340 12.48
215 380 15.31
215 253 9.08
253 215 5.56
216 418 -2.37
216 423 15.04
216 493 -1.49
216 239 7.88
216 217 -6.29
216 408 17.25
216 345 3.13
345 216 13.86
216 477 7.92
217 482 19.08
217 231 -5.82
217 392 2.57
217 427 7.72
427 217 2.19
217 478 13.06
217 313 1.88
313 217 4.28
217 253 20.62
217 459 -7.33
218 290 29.16
218 439 20.20
218 358 6.87
218 402 11.76
402 218 11.18
218 376 9.32
218 425 10.15
425 218 8.27
218 317 3.52
218 444 1.65
218 301 12.09
218 374 -1.15
219 321 3.30
321 219 1.77
219 241 24.10
219 421 12.57
219 266 10.36
219 243 5.98
243 219 2.35
219 439 13.08
219 376 12.16
219 444 1.50
444 219 7.14
219 278 15.98
220 290 2.00
220 452 5.60
220 408 5.51
220 454 15.77
220 328 23.06
220 361 19.31
220 236 24.64
220 272 11.31
220 489 23.14
220 404 1.64
404 220 5.81
220 376 16.55
220 314 -8.02
220 470 16.03
221 321 14.96
221 486 12.26
486 221 6.31
221 297 12.77
221 470 10.05
221 249 12.94
221 495 6.97
222 324 24.48
222 293 1.33
222 294 14.64
222 487 -8.15
222 426 19.90
426 222 16.14
222 472 20.96
222 429 -1.83
222 343 -2.91
222 248 16.76
222 249 3.81
222 474 -4.48
222 477 0.11
223 299 16.54
299 223 14.28
223 333 11.66
223 241 1.73
223 404 6.25
223 442 9.65
223 346 20.73
346 223 5.23
223 444 13.67
224 498 4.90
224 279 16.16
224 360 17.82
360 224 2.24
224 330 23.56
224 359 7.28
224 480 10.91
224 378 19.67
378 224 13.49
225 309 22.05
309 225 23.65
225 455 18.35
225 285 18.10
285 225 12.26
225 341 -4.31
226 407 9.64
407 226 7.52
226 403 -13.54
226 426 3.50
226 439 10.22
226 270 12.87
226 239 27.65
226 276 17.50
276 226 12.16
226 277 5.57
226 311 3.08
226 410 17.38
226 406 -1.88
227 465 19.81
227 265 20.49
227 369 -1.49
227 315 4.88
227 352 11.96
228 385 11.97
228 328 -0.77
228 300 9.37
300 228 3.96
228 370 3.99
370 228 0.05
228 371 3.01
228 344 35.29
228 476 21.84
229 321 10.83
229 436 10.52
229 299 10.55
229 440 17.82
229 493 16.10
493 229 1.92
229 302 17.23
229 335 5.67
229 366 23.71
366 229 8.80
229 339 22.90
339 229 0.26
229 438 20.56
229 279 24.75
279 229 14.90
229 346 10.56
229 314 -4.46
230 359 1.28
230 423 12.08
230 340 14.03
230 388 10.09
230 367 24.08
367 230 24.14
230 337 12.88
230 369 -3.66
369 230 27.15
230 441 -3.61
441 230 23.11
230 315 26.23
230 443 6.60
443 230 1.77
230 320 37.37
231 450 9.64
231 485 10.99
231 298 32.10
231 336 8.92
231 465 14.25
465 231 9.85
231 469 24.94
231 381 16.13
231 384 5.59
232 450 9.03
232 493 19.52
232 247 11.62
232 281 -16.46
232 411 7.37
232 318 6.48
232 383 0.90
233 474 16.29
233 487 21.04
233 305 -2.43
233 374 24.87
233 439 12.35
233 378 4.36
378 233 27.54
233 349 7.35
349 233 3.27
233 383 4.76
234 394 -7.84
234 496 6.90
234 244 -3.46
244 234 0.02
234 469 30.57
234 438 9.84
234 409 5.21
235 374 14.25
374 235 6.98
235 397 23.91
235 238 12.07
235 446 13.30
235 402 22.63
235 467 11.01
235 319 12.80
319 235 2.77
235 309 3.92
235 246 1.68
235 443 5.69
236 433 16.47
433 236 11.18
236 260 8.73
236 466 6.85
236 425 15.42
236 301 8.79
301 236 8.81
236 464 18.55
236 275 10.66
236 436 10.95
236 437 13.23
437 236 12.45
236 442 24.95
237 483 9.49
237 407 11.24
237 325 14.23
237 364 20.66
364 237 6.92
237 311 10.38
237 376 29.82
237 489 11.23
489 237 7.96
237 254 16.09
237 480 9.48
238 321 23.29
238 460 19.05
238 345 14.90
238 477 2.56
238 414 5.64
238 418 -10.90
418 238 17.28
238 419 11.07
238 484 30.93
238 293 10.57
238 430 15.97
430 238 7.05
238 245 6.22
238 282 3.65
239 417 19.80
417 239 12.86
239 324 19.62
239 409 10.60
409 239 26.08
239 431 7.29
239 377 9.62
239 351 9.14
240 321 -3.77
240 430 24.98
240 280 6.45
240 425 10.82
240 330 -3.63
240 367 4.31
240 336 -5.05
241 475 26.52
475 241 16.87
241 369 -6.24
241 489 4.62
241 359 6.40
359 241 5.08
241 329 15.30
241 394 17.55
394 241 10.70
241 427 19.46
241 366 11.74
241 403 16.52
241 316 16.54
242 455 9.24
242 329 -13.56
242 266 28.77
266 242 10.85
242 367 19.96
242 490 7.87
242 315 2.44
243 259 5.07
243 332 30.85
243 271 15.04
243 402 10.13
243 469 -7.05
469 243 13.17
243 463 10.67
463 243 2.98
243 279 10.24
243 281 5.02
243 300 21.65
243 492 8.58
243 352 3.95
243 373 17.77
243 310 6.36
243 439 7.07
243 443 0.71
243 248 24.85
248 243 12.27
244 403 15.74
403 244 17.46
244 435 18.92
244 379 7.11
379 244 8.93
244 413 -4.15
244 446 9.53
245 385 14.62
245 404 14.65
245 411 2.23
245 396 25.68
396 245 22.29
245 349 5.56
245 452 10.18
246 257 -3.94
257 246 7.05
246 488 12.93
246 413 16.64
413 246 17.29
246 267 9.33
246 447 7.79
247 332 9.23
247 467 13.63
247 404 9.64
247 375 21.27
247 474 18.25
247 377 22.04
247 379 15.78
247 478 16.67
248 358 11.10
358 248 15.38
248 359 -12.90
359 248 21.89
248 360 14.11
248 270 10.11
270 248 15.70
248 382 12.49
248 370 7.10
370 248 20.92
248 345 -2.89
249 358 12.29
249 361 2.32
249 334 12.58
334 249 8.56
249 455 16.75
249 369 3.01
249 254 4.25
249 381 8.06
381 249 17.89
249 448 0.58
250 340 1.63
250 406 -0.09
250 496 -5.57
251 421 15.21
421 251 5.68
251 461 0.67
251 307 12.69
307 251 13.52
251 273 29.06
251 274 15.38
251 343 10.70
343 251 4.70
251 475 21.13
251 320 -4.49
252 353 7.06
252 433 15.05
252 310 8.62
252 488 13.52
253 452 -10.56
253 357 -5.37
357 253 2.52
253 424 10.23
253 331 9.75
331 253 8.63
253 336 13.66
253 433 22.67
253 338 0.78
253 310 30.53
253 311 1.20
311 253 19.49
253 446 -1.03
254 353 22.68
254 419 5.78
254 391 5.34
391 254 8.53
254 359 1.53
254 444 17.67
254 460 7.95
460 254 14.37
254 320 0.23
255 386 5.67
255 260 11.03
255 423 19.55
255 265 -2.12
255 298 30.03
255 401 7.05
255 356 -7.97
255 309 9.56
255 341 9.92
255 316 8.54
255 480 30.83
256 476 8.42
256 453 4.47
256 460 27.94
460 256 17.29
256 405 16.68
256 431 22.26
256 378 1.94
378 256 0.34
256 284 14.73
284 256 5.49
257 481 -0.27
257 274 16.17
257 487 9.98
487 257 3.94
257 293 -2.57
257 496 37.65
496 257 32.31
257 500 18.52
257 326 7.56
258 418 8.24
258 441 -5.62
258 381 18.62
381 258 1.34
258 302 -0.81
258 341 8.68
259 356 6.99
259 390 25.03
259 336 1.96
259 396 15.37
396 259 6.44
259 273 7.57
273 259 4.24
259 402 0.98
402 259 7.53
259 425 15.79
259 383 20.45
259 384 6.10
260 280 2.62
260 293 20.15
260 295 29.18
260 487 5.44
260 272 12.17
260 332 16.42
332 260 0.30
260 416 1.81
260 286 3.52
286 260 0.10
261 481 6.91
481 261 8.44
261 451 13.28
261 357 1.70
357 261 23.26
261 301 14.66
301 261 14.75
261 270 15.64
261 271 10.89
271 261 31.84
261 313 17.94
262 354 2.87
262 413 11.79
262 466 13.91
262 440 24.34
262 463 11.59
262 272 7.56
262 402 9.27
262 426 9.89
262 495 13.15
262 349 7.09
349 262 21.69
262 347 4.78
262 384 9.99
263 264 2.21
263 297 -5.82
263 274 16.83
274 263 5.62
263 383 1.08
263 377 3.80
263 412 15.54
263 286 -3.09
264 364 3.62
264 325 1.22
325 264 21.03
264 422 5.51
264 402 -0.55
264 363 19.40
264 387 0.52
264 490 7.92
264 406 2.54
264 393 19.31
393 264 10.68
264 315 5.23
264 317 9.14
264 415 10.73
415 264 12.16
265 481 7.91
265 348 -1.53
265 439 17.65
439 265 19.58
265 372 2.78
265 464 19.92
265 483 3.43
265 304 15.53
265 401 15.85
401 265 3.10
265 407 7.99
265 316 18.62
265 317 7.68
265 446 7.61
266 290 -0.81
266 310 20.40
310 266 1.41
266 487 3.63
487 266 23.52
266 461 -9.22
266 313 6.05
266 316 6.89
266 438 8.71
267 369 18.28
267 322 11.36
267 324 5.11
267 391 15.44
267 315 -7.30
267 302 9.66
267 452 16.04
452 267 0.58
267 484 20.84
484 267 7.92
268 392 15.04
392 268 1.30
268 324 21.00
269 385 14.48
269 325 17.69
269 271 -18.97
269 272 3.74
269 374 27.91
269 476 20.64
269 320 11.93
320 269 11.21
270 429 10.49
270 381 5.16
271 359 26.11
359 271 9.13
271 328 -0.09
271 331 19.99
271 436 18.02
271 431 18.51
271 405 13.75
405 271 11.18
271 442 11.53
271 492 12.93
492 271 14.94
271 469 23.14
271 472 1.50
272 393 16.87
272 499 7.40
272 473 11.76
272 314 15.53
273 424 13.78
273 451 -5.20
273 467 -2.76
467 273 5.83
273 404 6.89
404 273 3.44
273 434 16.92
273 313 14.52
274 450 24.80
450 274 15.62
274 459 -5.13
459 274 21.46
274 403 27.04
274 470 9.59
470 274 13.85
274 344 13.25
274 473 10.34
274 483 3.47
274 422 14.12
274 303 8.04
274 482 11.56
274 444 14.82
275 355 23.86
275 420 7.51
275 296 -10.77
275 363 -5.23
275 431 9.97
275 405 15.70
275 438 10.06
275 408 10.14
408 275 12.03
275 379 -15.16
276 330 26.64
276 335 0.41
276 400 2.76
276 347 -8.69
276 316 5.97
316 276 8.90
276 478 23.81
276 448 -0.55
277 386 2.00
277 428 25.28
277 432 -4.10
277 405 19.39
277 330 22.74
278 356 8.91
278 319 6.67
278 331 -0.09
278 438 15.13
438 278 3.47
279 296 21.31
296 279 18.21
279 390 15.52
279 459 21.68
279 480 29.57
279 494 13.52
494 279 12.39
279 322 3.72
322 279 13.26
279 465 -7.20
465 279 9.24
279 457 7.77
279 439 -2.95
279 346 -17.77
279 380 12.42
279 283 19.97
280 486 12.84
280 455 -8.47
280 361 23.27
361 280 13.84
280 362 14.20
362 280 9.98
280 374 27.76
281 321 33.66
281 360 11.67
281 299 -3.03
281 436 14.66
281 471 19.47
281 378 30.38
281 412 18.63
281 475 26.43
281 342 6.93
282 340 12.46
282 286 6.48
286 282 6.73
282 342 11.60
282 329 -2.27
282 459 31.97
282 495 6.43
495 282 9.68
283 467 -8.50
283 363 0.27
363 283 13.70
283 376 17.04
283 439 3.70
283 298 10.50
298 283 6.44
283 454 29.45
454 283 2.66
284 353 23.01
284 324 4.37
284 424 28.49
424 284 8.82
284 306 11.45
284 420 20.98
285 324 9.52
285 308 15.53
308 285 14.05
285 306 22.35
285 499 20.37
285 309 36.03
285 461 1.13
285 416 12.92
286 353 16.51
353 286 25.31
286 322 5.81
322 286 6.36
286 370 -7.19
370 286 7.23
286 332 4.13
286 460 32.76
287 441 9.27
287 466 -3.99
287 365 1.96
287 398 19.92
398 287 0.93
287 432 1.40
287 412 11.66
288 451 2.96
451 288 0.11
288 396 8.25
396 288 19.13
288 423 15.24
423 288 15.17
288 332 15.27
288 334 8.72
288 466 6.55
288 442 19.07
442 288 11.27
289 436 10.48
436 289 5.54
289 341 17.59
289 431 20.92
289 325 12.59
289 429 2.40
289 381 5.91
289 477 21.41
289 373 21.18
290 364 5.62
290 328 -7.95
290 441 18.95
290 468 29.89
290 417 19.17
290 423 38.52
290 427 9.91
290 329 10.89
291 372 19.69
291 294 11.43
291 474 17.92
291 404 8.49
292 359 -2.84
359 292 5.16
292 391 27.66
292 389 -12.55
292 492 6.98
292 453 23.60
453 292 0.23
292 497 22.14
292 402 13.92
292 471 10.98
292 362 3.50
292 412 -8.96
292 414 18.72
293 420 13.18
420 293 2.36
293 461 6.29
461 293 20.72
293 334 26.66
293 404 7.53
294 328 -1.77
294 424 10.64
424 294 0.80
294 477 10.84
294 415 -0.47
415 294 16.41
294 352 12.53
295 484 23.99
295 302 14.65
295 371 7.39
371 295 15.03
295 309 18.45
295 448 -13.23
295 317 17.58
295 384 15.80
296 354 21.33
296 492 1.37
296 453 19.07
296 300 4.07
296 399 16.96
399 296 5.21
296 495 -4.21
296 382 2.11
297 482 -6.92
297 484 12.84
297 488 15.22
488 297 12.39
297 327 13.27
327 297 26.76
297 299 18.46
299 297 4.99
297 495 8.83
297 372 -5.29
298 457 14.86
457 298 12.37
298 392 -2.11
298 403 8.72
403 298 17.37
298 498 8.77
498 298 3.45
298 477 12.68
299 391 -10.88
299 438 -7.37
299 301 14.15
299 334 -5.96
334 299 0.83
299 402 4.84
299 439 14.20
299 336 -6.84
299 374 18.77
300 482 18.11
300 425 8.76
300 339 4.25
300 475 20.94
300 320 9.25
320 300 14.76
301 490 17.69
490 301 1.78
301 500 33.18
500 301 0.62
301 430 0.74
301 408 2.58
408 301 8.57
301 437 16.44
301 415 9.36
415 301 7.62
302 494 -1.58
302 322 17.81
302 368 -6.17
302 469 25.11
302 392 5.72
302 472 16.26
472 302 18.21
302 443 24.11
303 455 19.99
303 392 9.99
303 426 22.08
303 491 10.54
303 440 -3.02
303 434 3.94
303 408 8.39
303 443 -0.46
443 303 6.82
304 387 23.45
387 304 6.32
304 370 10.49
304 459 13.56
304 398 23.14
304 367 13.32
304 310 4.41
304 412 -0.31
304 478 12.90
305 449 -7.12
449 305 20.01
305 484 3.75
305 475 8.94
475 305 16.40
305 490 -2.73
305 379 -0.66
305 384 10.36
305 320 15.66
305 498 12.58
305 318 6.92
305 411 19.37
306 490 5.78
490 306 23.59
306 368 12.74
368 306 2.61
306 308 22.73
306 342 14.08
342 306 5.57
307 449 4.99
449 307 6.01
307 380 14.82
307 348 -17.82
307 411 30.22
308 395 12.95
395 308 5.91
308 492 9.29
308 465 1.63
308 471 2.52
308 410 12.03
410 308 15.34
309 364 11.39
364 309 23.01
309 312 14.15
312 309 9.77
309 399 13.52
309 494 -9.36
309 500 -3.04
309 496 13.36
309 475 0.79
310 323 11.32
323 310 2.12
310 396 -4.42
396 310 14.58
310 370 25.69
310 398 21.28
310 402 5.18
310 464 21.37
310 313 10.17
311 323 7.94
311 392 25.40
311 361 6.88
311 340 6.98
311 333 14.32
311 472 -4.64
312 487 -18.67
312 461 10.68
312 463 -0.61
313 369 9.90
313 427 17.14
427 313 1.36
313 365 5.22
313 435 -4.22
313 468 8.82
313 330 16.04
313 357 15.49
357 313 6.98
313 440 19.89
440 313 13.97
314 482 3.35
314 471 21.36
314 423 12.23
423 314 0.77
314 434 9.86
315 335 -0.33
315 414 11.49
316 464 9.97
464 316 1.60
316 341 16.62
316 473 -10.07
316 346 11.89
316 348 12.59
316 363 10.58
363 316 15.42
316 366 15.06
316 377 7.64
316 318 15.08
316 447 34.78
317 490 14.35
317 348 0.56
317 424 26.89
317 397 8.33
318 451 4.96
451 318 15.94
318 466 15.45
319 420 12.94
319 421 -0.18
421 319 29.25
319 456 11.09
456 319 8.56
319 397 13.97
319 371 10.58
319 473 25.84
319 343 28.86
319 345 4.92
319 411 17.17
320 389 5.47
389 320 7.01
320 500 29.98
320 403 13.33
320 410 9.33
321 322 -13.18
321 324 11.22
321 326 -11.61
321 488 22.59
488 321 8.52
321 444 11.49
321 365 15.66
321 466 7.28
321 496 4.58
321 376 26.71
322 418 3.27
322 393 9.01
322 365 1.42
365 322 26.60
322 399 -7.34
399 322 19.44
322 489 6.09
322 467 3.62
322 376 25.80
323 362 20.90
362 323 3.64
323 460 13.51
323 430 12.51
323 441 -4.98
324 481 16.14
324 361 7.50
324 369 3.25
324 393 19.05
324 474 -12.81
324 395 10.93
325 361 3.99
325 494 3.88
325 388 14.90
326 492 1.23
492 326 4.26
326 394 8.02
394 326 4.59
326 445 -3.64
326 436 27.04
326 361 19.49
327 332 20.51
332 327 3.57
327 362 17.36
327 491 14.84
327 329 23.67
327 462 3.44
327 374 11.33
328 485 -6.86
328 490 9.69
490 328 1.03
328 420 -8.01
420 328 4.74
328 335 10.06
328 464 6.29
464 328 6.72
328 356 -1.82
328 383 43.90
329 497 16.55
329 495 25.15
329 409 11.68
329 349 11.42
330 387 -8.25
330 420 22.58
330 390 19.16
330 451 20.30
451 330 15.19
330 468 6.54
330 381 2.67
330 415 3.17
331 355 16.02
331 339 22.78
331 350 15.15
332 433 7.26
332 478 1.63
332 347 10.25
332 381 13.18
333 407 5.71
333 460 14.29
333 466 7.02
333 340 7.35
333 352 -2.41
352 333 5.46
334 355 -5.06
334 484 4.30
334 424 4.71
334 423 -4.25
334 386 32.15
386 334 29.47
334 396 12.21
396 334 2.69
334 454 19.04
334 469 -0.90
334 453 10.69
334 384 9.85
335 483 10.27
335 361 10.50
335 447 10.62
447 335 11.45
336 481 2.08
336 424 1.44
336 396 -0.27
396 336 9.39
336 495 3.65
336 338 13.73
336 372 17.66
336 412 28.44
412 336 1.92
336 491 2.47
491 336 12.82
336 498 1.08
498 336 19.30
337 465 -3.60
337 393 11.86
393 337 24.88
337 493 24.09
337 489 3.16
337 498 6.69
337 344 1.17
338 356 3.65
356 338 14.18
338 488 -0.73
488 338 24.44
338 398 21.81
338 339 10.81
339 338 3.54
338 401 11.35
401 338 14.94
339 456 15.72
339 374 9.24
340 420 23.62
340 343 15.58
343 340 17.16
340 470 2.29
340 430 8.58
340 399 17.75
341 388 17.82
341 497 -1.26
342 434 19.34
342 427 3.06
427 342 15.96
343 475 20.13
344 389 29.72
389 344 15.20
344 391 -4.60
344 484 26.09
344 407 14.19
345 380 -2.59
380 345 20.35
345 389 11.85
389 345 6.66
346 361 25.97
346 470 -3.41
346 378 21.61
346 350 -0.02
347 396 -7.83
347 473 -4.05
347 392 7.85
347 390 -0.31
347 350 20.40
347 369 15.08
347 348 17.49
348 417 -7.32
417 348 20.36
348 359 13.20
359 348 16.22
348 369 4.37
348 468 -7.46
348 474 3.22
474 348 25.62
348 350 -24.71
349 488 24.04
349 429 20.42
349 366 9.90
349 472 28.80
472 349 1.65
349 437 5.66
350 417 19.56
350 354 7.49
350 386 -7.85
350 367 8.56
350 438 10.16
351 418 4.05
418 351 0.77
351 438 21.29
351 359 -9.61
359 351 10.56
351 426 27.70
426 351 11.88
351 360 7.89
351 443 18.52
443 351 3.98
352 491 14.66
491 352 10.89
352 432 13.24
352 466 2.61
466 352 27.70
352 465 0.03
353 361 20.89
353 389 1.35
389 353 6.95
354 467 18.89
354 469 14.75
469 354 8.10
354 485 21.29
355 475 0.05
355 374 9.59
374 355 12.07
355 424 -6.68
355 414 25.86
356 449 5.56
449 356 23.02
356 388 0.72
388 356 7.22
356 493 13.18
356 378 17.97
378 356 19.26
357 417 8.83
357 446 7.55
446 357 10.49
357 499 7.60
499 357 17.86
357 464 -0.64
358 432 10.72
358 421 15.74
359 442 -2.13
359 482 -4.35
482 359 7.53
359 495 17.28
359 405 6.35
360 410 5.42
361 410 -7.98
361 395 32.12
395 361 14.44
361 376 5.83
376 361 4.97
361 382 9.17
362 376 -1.42
362 387 22.10
362 369 12.21
362 413 12.84
363 451 5.31
451 363 2.78
363 492 -7.81
363 399 2.74
399 363 16.21
363 434 -0.06
363 378 2.51
363 478 0.11
364 419 18.30
364 425 1.20
364 453 15.85
364 366 9.76
366 364 12.98
364 401 6.39
364 393 2.87
364 499 18.91
364 418 13.80
364 377 1.65
377 364 7.88
365 417 24.23
417 365 17.22
365 425 12.39
365 395 6.01
365 488 3.49
365 464 18.90
365 468 -3.51
468 365 5.08
366 498 12.69
498 366 21.11
366 499 -11.22
366 367 23.75
366 369 10.84
366 434 8.83
434 366 4.24
366 435 9.13
435 366 0.09
367 414 27.15
367 379 -3.54
367 436 3.21
367 377 17.86
368 417 0.97
368 378 5.54
378 368 3.02
368 480 2.28
369 382 9.68
370 481 13.43
481 370 3.67
370 419 12.55
370 376 10.12
370 435 9.79
435 370 3.85
370 430 6.96
430 370 2.55
370 500 7.72
371 426 16.53
371 483 12.78
371 458 2.37
371 415 11.12
415 371 17.88
372 458 9.06
372 465 -4.35
373 386 0.76
373 378 8.75
378 373 1.30
373 448 9.48
373 384 -0.38
375 392 22.58
392 375 32.45
375 489 6.77
375 398 6.70
398 375 13.49
375 446 3.68
376 484 -4.36
376 475 3.32
376 443 18.68
376 422 3.55
377 418 15.11
418 377 9.01
377 499 0.99
499 377 9.82
377 404 4.08
377 408 18.50
377 486 17.01
377 383 10.56
377 448 9.38
448 377 14.12
378 460 13.41
378 388 3.95
378 492 23.07
379 390 -6.35
379 490 4.50
379 395 11.27
380 389 -5.91
380 393 20.03
381 487 -3.00
381 392 30.08
381 395 -4.93
381 450 -5.77
381 404 3.20
381 424 12.87
424 381 7.91
381 416 2.60
416 381 25.21
382 451 5.72
382 394 -6.31
382 463 21.14
382 466 14.70
382 479 5.84
382 415 -4.05
383 428 4.16
383 392 -2.00
383 480 6.03
383 422 -10.38
422 383 7.58
384 416 -3.52
384 400 27.31
400 384 5.71
385 423 8.94
385 393 21.10
385 474 13.13
474 385 3.83
385 411 11.15
385 444 10.36
385 475 9.20
386 487 19.75
386 459 4.38
386 441 7.94
441 386 15.55
386 473 2.64
387 460 31.04
387 432 14.73
432 387 10.20
387 470 -3.22
470 387 11.24
387 416 14.84
416 387 13.86
388 434 14.52
388 389 8.08
388 442 26.88
388 476 8.49
476 388 2.70
389 489 2.65
389 441 13.80
390 434 -5.70
390 408 7.17
391 500 6.79
500 391 16.80
391 469 16.67
391 480 8.06
480 391 18.97
392 449 33.20
392 468 17.42
392 465 0.70
393 410 14.68
394 405 -3.50
394 410 -6.83
396 401 4.24
401 396 2.75
396 422 -0.58
396 498 15.45
398 453 13.52
399 488 6.13
399 405 10.53
399 499 13.65
499 399 9.11
399 435 7.32
435 399 15.35
399 445 13.15
399 414 14.20
400 431 -3.36
400 403 9.19
403 400 27.46
401 413 21.78
413 401 5.78
401 455 0.45
455 401 27.21
402 492 13.19
403 405 18.39
404 442 21.02
404 454 -1.63
454 404 28.55
405 485 -4.74
406 427 7.41
406 432 13.53
406 435 2.90
406 472 -5.06
406 446 7.14
407 430 19.42
407 494 12.29
408 464 3.06
408 470 10.22
408 454 -1.38
408 483 3.64
408 422 1.69
408 441 15.60
408 495 25.52
408 447 2.61
409 436 18.15
436 409 11.45
409 417 5.22
410 436 20.22
410 463 18.08
463 410 22.40
410 438 13.83
410 480 15.34
410 474 12.38
411 420 -4.88
412 472 1.85
412 430 14.87
413 429 4.28
413 444 23.17
444 413 5.05
414 490 11.06
414 466 20.88
414 479 -1.72
479 414 9.00
415 481 22.57
415 474 13.13
415 442 15.39
416 481 11.43
481 416 0.59
416 483 15.26
417 465 -0.46
417 442 25.50
418 421 5.39
418 454 15.86
418 473 -3.10
418 476 4.98
419 500 22.28
419 477 11.16
477 419 1.27
420 425 8.28
425 420 12.96
420 427 21.40
421 496 -0.13
421 435 21.95
421 479 17.70
421 486 15.23
422 449 7.08
449 422 2.85
423 431 9.21
431 423 9.03
423 467 8.53
424 437 -3.04
437 424 2.98
424 438 8.44
438 424 5.67
425 467 32.49
425 445 -5.42
426 433 26.74
426 448 25.09
426 443 -11.09
427 458 4.41
427 484 9.30
427 478 -1.06
427 496 15.50
428 450 1.45
428 482 9.46
482 428 0.89
428 492 7.41
428 475 -1.30
429 480 15.89
480 429 20.05
429 461 -3.38
430 481 11.88
430 443 -5.33
431 493 -1.94
431 484 11.02
433 482 34.82
433 477 14.47
433 478 10.66
434 489 12.10
434 491 -6.71
435 496 10.59
438 492 7.73
492 438 1.85
438 463 4.71
439 493 28.96
439 470 10.31
441 447 14.00
447 441 11.03
441 470 16.02
443 476 8.14
443 497 9.81
443 466 11.49
443 445 12.75
445 443 4.14
444 462 17.14
444 490 2.09
445 478 18.07
446 465 19.12
465 446 2.40
446 480 22.95
446 483 14.38
446 486 4.92
447 486 16.37
449 464 19.64
450 468 27.27
468 450 1.97
450 471 7.68
452 463 11.85
452 464 0.09
454 500 23.86
500 454 1.64
455 458 26.78
455 461 33.59
455 469 11.65
455 470 4.74
456 471 9.37
457 485 12.98
457 471 9.02
458 483 19.34
460 478 8.37
461 470 20.89
461 479 27.25
462 470 -8.92
463 483 4.98
464 494 -0.55
494 464 15.26
464 470 12.57
465 481 6.48
465 482 11.84
469 474 10.42
474 469 2.07
469 479 -5.04
470 496 14.66
496 470 15.70
471 474 4.83
471 497 2.18
497 471 20.94
471 486 25.15
472 497 8.95
473 494 23.26
473 499 10.55
473 496 -9.40
496 473 41.59
474 490 6.22
476 484 11.60
478 488 21.11
488 478 32.98
479 481 0.21
481 479 13.43
479 485 2.31
480 490 14.61
481 497 16.75
482 489 15.49
483 485 0.57
488 494 -1.49
493 500 2.70
